dealII 23339332.000000 69079.304688 128634.109375 4232719.500000 40610.500000 0.000000 1254.909668 10932053.000000 553288.125000 2348.844727 0.000000 4639.215332 1011606.062500 14973767.000000 1159593.250000 1963782.625000 640532.125000 38273204.000000 3822879.500000 24510.173828 608988.062500 0.000000 1413758.125000 946421.750000 
bzip2 30428252.000000 21494.203125 4936.138672 60997152.000000 83883.679688 0.000000 0.000000 15493578.000000 3042337.750000 304519.281250 0.000000 854.995300 13575.429688 2509023.750000 5646952.000000 7649738.500000 2307038.000000 47528444.000000 1881043.500000 1169.800659 1390964.875000 0.000000 11753803.000000 2236886.000000 
povray 22693382.000000 173111.812500 32379.582031 128372656.000000 12805.313477 0.000000 3237.223145 7586257.500000 407970.343750 32258.636719 0.000000 5879.418945 5681304.500000 15972580.000000 2767608.500000 5055838.500000 218610.265625 1600512.375000 1414531.375000 5430.007324 145770.625000 0.000000 1431951.875000 345686.531250 
astar 44081840.000000 29804.558594 5660.689941 139227360.000000 14963.892578 0.000000 148.740616 12906588.000000 6900402.500000 7562.247070 0.000000 954.344238 25076.683594 3821816.500000 5033948.500000 11545416.000000 2605085.250000 56850080.000000 2408633.500000 185035.046875 6259497.500000 0.000000 28909328.000000 870267.500000 
gcc 22246718.000000 235490.718750 403247.531250 34067776.000000 92930.796875 0.000000 12682.562500 16621140.000000 700828.312500 75157.734375 0.000000 56575.574219 213505.218750 4009780.500000 9036701.000000 7176220.000000 2932259.000000 50023052.000000 2656942.750000 163367.843750 24923590.000000 0.000000 2164893.750000 840173.500000 
namd 26309082.000000 26557.343750 5793.513672 797530.562500 7994.867188 0.000000 266.354248 14502719.000000 960543.125000 182125.796875 0.000000 447.889282 38896.085938 9190376.000000 1403412.625000 643602.437500 170696.640625 4008469.750000 1576318.750000 387.334900 78434.617188 0.000000 5964319.500000 3176361.500000 
tonto 22866632.000000 173712.015625 37264.433594 13369052.000000 44713.773438 0.000000 456.998871 5841469.500000 329770.218750 35087.980469 0.000000 21840.451172 20538994.000000 17407422.000000 7105804.500000 1740472.625000 218084.250000 9042822.000000 1859234.125000 16974.933594 3323714.500000 0.000000 889437.000000 1264545.250000 
gromacs 23185308.000000 66358.375000 13608.745117 18629654.000000 39555.425781 0.000000 0.000000 24792464.000000 927847.125000 68056.226562 0.000000 814.717407 772200.562500 32040866.000000 19653988.000000 1635510.125000 452794.093750 24253830.000000 1231287.125000 5907.487305 556618.125000 0.000000 3125773.750000 17913282.000000 
omnetpp 28735176.000000 174486.578125 93345.531250 386920640.000000 144080.062500 0.000000 9701.353516 12164514.000000 1997275.250000 35919.531250 0.000000 58069.882812 242206.484375 5888476.000000 15986801.000000 26121742.000000 7491100.000000 147729248.000000 1163658.500000 112287.632812 8562806.000000 0.000000 9136914.000000 1484637.750000 
perlbench 22243020.000000 285627.781250 174010.203125 41978796.000000 71431.898438 0.000000 21540.666016 17004134.000000 761555.562500 600626.625000 0.000000 33928.000000 117437.929688 1505447.375000 1650905.000000 2826712.500000 548541.062500 9602931.000000 729334.500000 2711.902588 361719.343750 0.000000 2038011.750000 481822.343750 
bwaves 26019060.000000 12391.036133 5974.616211 4900164.500000 232.148636 0.000000 78.858078 8394157.000000 3799.249023 3320.993408 0.000000 133.006424 28426.109375 90425760.000000 2389249.000000 41761760.000000 7860871.500000 147211872.000000 8553691.000000 1398.704468 1116849.750000 0.000000 18676.943359 2601590.250000 
gobmk 32649316.000000 212546.625000 43600.566406 10700624.000000 869815.500000 0.000000 10065.345703 15928578.000000 6131806.500000 485598.281250 0.000000 486646.281250 22153.130859 1089046.000000 1118556.875000 1383436.500000 404843.468750 7696438.500000 298003.593750 7376.538086 1184898.125000 0.000000 15098788.000000 2195811.750000 
mcf 43872568.000000 11040.836914 63115.394531 -378368320.000000 171307.375000 0.000000 917.280334 21653998.000000 6218597.500000 919040.687500 0.000000 28616.208984 466081.437500 13054182.000000 41562704.000000 146452544.000000 47297456.000000 899210048.000000 1876140.500000 4714.793457 911914.500000 0.000000 29710646.000000 2470132.000000 
h264ref 21544924.000000 197097.781250 13518.465820 6449535.000000 21472.789062 0.000000 72.688393 8156557.500000 367112.000000 359552.031250 0.000000 9960.337891 15940.393555 1234693.625000 1197366.750000 2562839.500000 190678.468750 5223487.500000 535551.062500 793.542358 1135137.125000 0.000000 1166765.875000 244283.906250 
GemsFDTD 22335784.000000 8629.788086 3476.806152 44278692.000000 62.043781 0.000000 0.000000 4702050.000000 1829.896851 42732.371094 0.000000 11.318928 13151.026367 11002440.000000 27451036.000000 10236322.000000 5838595.500000 187964320.000000 1772276.875000 3771.740479 98778.265625 0.000000 4407.592285 1325976.375000 
hmmer 22193818.000000 44727.277344 14074.929688 1139670.125000 4767.997559 0.000000 17.253721 2458822.250000 173516.875000 542.504700 0.000000 1342.333984 43849.164062 1236564.125000 1530234.875000 1226136.375000 777082.562500 10273511.000000 2992443.250000 1055.069336 734337.500000 0.000000 819503.750000 153259.390625 
milc 23364058.000000 12664.769531 210091.343750 61229800.000000 3010.345947 0.000000 8628.598633 4113410.000000 11406.008789 589.339539 0.000000 2766.143066 1263879.875000 29724594.000000 15290637.000000 5600127.500000 2462675.000000 139422096.000000 4799464.000000 19848.591797 13071541.000000 0.000000 34157.929688 824199.500000 
xalancbmk 22594006.000000 313225.093750 1539954.750000 188317360.000000 56417.148438 0.000000 229093.468750 12979938.000000 612990.312500 111783.554688 0.000000 23495.792969 7096162.500000 5529105.500000 10301829.000000 22512412.000000 5886474.500000 89190816.000000 1083508.375000 5323.754395 5231612.000000 0.000000 1728268.875000 1001831.812500 
cactusADM 21228030.000000 48598.062500 5933.462891 2208183.000000 434.678131 0.000000 9.983176 4565385.000000 12975.007812 1093068.000000 0.000000 218.759521 21131.351562 3572581.250000 1474804.125000 1480965.250000 1018440.312500 25718726.000000 170954.640625 32444.126953 4238755.500000 0.000000 18969.537109 51451.957031 
soplex 32254886.000000 106773.500000 44808.230469 56702124.000000 56834.152344 0.000000 49.976131 14272350.000000 3322171.500000 154018.015625 0.000000 7129.924805 118694.601562 32151442.000000 14062135.000000 22767620.000000 9290723.000000 192215616.000000 3453388.000000 25436.351562 7978676.000000 0.000000 13747702.000000 3993645.250000 
zeusmp 22830430.000000 20580.613281 4053.479248 140727136.000000 342.586304 0.000000 0.000000 10728156.000000 2591.469971 65172.019531 0.000000 146.408081 13151.028320 29448656.000000 70544264.000000 7341418.000000 1579836.750000 38927796.000000 5084890.000000 11604.434570 2912248.750000 0.000000 4053.272949 4484592.500000 
sphinx3 25067404.000000 103054.414062 21112.744141 36046468.000000 7039.652832 0.000000 0.599040 6983441.500000 636847.625000 141912.250000 0.000000 3774.388916 250331.500000 19247880.000000 12835014.000000 4543831.500000 2323422.250000 72024952.000000 489831.968750 2591.488525 604362.750000 0.000000 2605041.000000 1057452.000000 
wrf 22924326.000000 46956.539062 80299.820312 3214031.500000 3057.931641 0.000000 164.601395 5698914.500000 30577.302734 72868.859375 0.000000 1733.304688 1550052.250000 25596702.000000 4381024.000000 4125087.750000 1239686.000000 40276040.000000 4343311.000000 4794.304199 1108542.500000 0.000000 103389.796875 1597943.625000 
leslie3d 22476072.000000 24395.173828 6115.341309 9979157.000000 967.407227 0.000000 0.000000 7090945.500000 7566.464844 41914.976562 0.000000 415.160553 13488.193359 24710248.000000 5406409.000000 7421196.000000 2949245.500000 74485496.000000 5873963.500000 6066.102051 2803732.000000 0.000000 12842.263672 2802886.000000 
libquantum 20619338.000000 10747.952148 5519.599121 1434129.875000 708.850891 0.000000 665.293396 24041840.000000 88258.359375 2.946720 0.000000 340.648285 13151.025391 4301162.500000 60679088.000000 518092.781250 297781.750000 87861904.000000 194267.781250 973.949829 127602.500000 0.000000 580962.937500 17860452.000000 
sjeng 26182170.000000 94535.007812 8662.820312 27855572.000000 149685.812500 0.000000 12463.896484 16285291.000000 2875094.500000 213587.015625 0.000000 34244.023438 16305.498047 1110432.375000 263358.281250 1297216.500000 394828.593750 7298206.500000 327084.375000 2024.870605 364980.281250 0.000000 7234174.000000 652755.000000 
gamess 22596054.000000 158163.515625 12858.264648 13349386.000000 8018.193848 0.000000 1812.745728 4896338.000000 173203.093750 84668.242188 0.000000 2562.032227 13150.990234 9276370.000000 683992.437500 1395638.750000 214337.062500 1890746.375000 1968083.625000 7201.361328 429598.437500 0.000000 504558.500000 384884.281250 
lbm 21728252.000000 18332.421875 9148.871094 7793433.500000 190.109253 0.000000 273.074341 13196067.000000 33927.394531 30.305847 0.000000 133.134888 36921.035156 22648676.000000 106988560.000000 200087.921875 124054.625000 6914149.000000 2982370.500000 7802.702148 2476049.750000 0.000000 141195.109375 6424117.000000 
calculix 24069216.000000 49712.750000 15925.566406 1569012.125000 14918.942383 0.000000 25.522623 6677439.500000 436019.843750 23544.033203 0.000000 10423.000000 13363.223633 33657224.000000 1793200.750000 1042076.625000 190694.406250 16247996.000000 617783.125000 5440.577148 307902.125000 0.000000 1585838.125000 261646.968750 
