dealII 26352640.000000 72162.093750 130492.500000 4251227.500000 221830.843750 0.000000 2115.364258 5926378.500000 0.000000 3376.127197 0.000000 0.000000 1008015.312500 16477879.000000 1560835.750000 1877302.000000 639035.812500 40283520.000000 3268404.500000 25514.785156 605530.000000 0.000000 880158.375000 556566.875000 
bzip2 33746876.000000 22242.580078 4966.624023 62051152.000000 1289113.625000 0.000000 0.000000 11679398.000000 0.000000 338535.656250 0.000000 0.000000 13536.111328 4111960.000000 6124025.000000 9431130.000000 2376514.250000 47697884.000000 2178164.000000 1676.327637 1370592.000000 0.000000 7787743.000000 3070119.250000 
povray 23830564.000000 178088.687500 33097.839844 128720944.000000 128941.375000 0.000000 3425.915283 6755392.500000 0.000000 40285.914062 0.000000 0.000000 5644106.000000 15993498.000000 2845142.250000 5179754.500000 155101.500000 1523839.375000 1421998.500000 6342.460938 154242.640625 0.000000 955962.812500 389035.218750 
astar 49886224.000000 30431.466797 5741.208496 139705184.000000 2696449.500000 0.000000 185.901123 13399062.000000 0.000000 8545.458008 0.000000 0.000000 24954.005859 4163145.000000 5325588.000000 11802879.000000 2646294.000000 56863588.000000 2388745.500000 185304.609375 6248513.500000 0.000000 19594220.000000 6714407.500000 
gcc 24313962.000000 246562.031250 409614.812500 34212328.000000 347316.593750 0.000000 13357.710938 14721649.000000 0.000000 91773.468750 0.000000 0.000000 212264.390625 4089061.750000 9240362.000000 7540128.000000 2992929.750000 50072912.000000 2779114.500000 163643.484375 24706266.000000 0.000000 1356925.125000 1142858.000000 
namd 28592064.000000 27464.025391 5834.125000 806791.062500 409541.843750 0.000000 290.790833 8376386.500000 0.000000 238524.750000 0.000000 0.000000 38746.914062 16487862.000000 1660266.750000 909048.750000 217630.015625 4109279.750000 1489642.000000 481.350677 77701.101562 0.000000 4638939.500000 957825.562500 
tonto 25032042.000000 179270.687500 37562.105469 13403009.000000 157871.109375 0.000000 476.537048 2223638.750000 0.000000 61828.789062 0.000000 0.000000 20635912.000000 19749300.000000 7393337.500000 1812744.375000 233946.046875 9078116.000000 1816980.500000 17528.171875 3310882.750000 0.000000 543540.937500 439498.531250 
gromacs 26923534.000000 67608.671875 13682.734375 18881410.000000 353405.125000 0.000000 0.000000 3598810.250000 0.000000 98971.578125 0.000000 0.000000 777713.687500 56317748.000000 20701798.000000 1880313.125000 486389.906250 24667514.000000 2138146.750000 6182.561523 561886.187500 0.000000 2081899.250000 9808689.000000 
omnetpp 31700042.000000 179005.437500 94471.085938 388455040.000000 616575.000000 0.000000 11289.335938 9893594.000000 0.000000 48962.214844 0.000000 0.000000 240805.171875 5428439.500000 16676181.000000 26540646.000000 7559045.500000 148046160.000000 1185091.125000 112740.656250 8557603.000000 0.000000 6840310.000000 2067057.125000 
perlbench 22859506.000000 298105.937500 177865.890625 42179536.000000 375775.218750 0.000000 22586.796875 16704288.000000 0.000000 611615.000000 0.000000 0.000000 116589.953125 1745155.500000 1725678.750000 2972009.000000 558227.250000 9595811.000000 760856.125000 2677.339844 362862.437500 0.000000 1157280.250000 813808.187500 
bwaves 31567938.000000 12851.600586 6020.854492 4906379.000000 1015.795288 0.000000 118.597542 75476.078125 0.000000 4242.587402 0.000000 0.000000 28299.585938 95942040.000000 2554426.500000 40618996.000000 7861971.000000 147219808.000000 8654591.000000 1504.737671 1118270.250000 0.000000 14886.593750 720629.750000 
gobmk 36874308.000000 225775.421875 44599.281250 10731170.000000 3566410.000000 0.000000 10164.863281 17138042.000000 0.000000 668146.625000 0.000000 0.000000 21881.791016 1229176.000000 1145208.250000 1456335.000000 409565.625000 7688121.500000 291626.718750 7592.134277 1182103.250000 0.000000 8301764.000000 7025942.500000 
mcf 52656332.000000 11782.857422 64607.703125 -374960704.000000 1067544.250000 0.000000 1971.879028 18875222.000000 0.000000 1462244.250000 0.000000 0.000000 463162.468750 12740354.000000 41983928.000000 147379840.000000 47351272.000000 898077376.000000 1966689.250000 4636.659180 891106.500000 0.000000 21325598.000000 6224347.500000 
h264ref 22024008.000000 208552.953125 13845.250000 6475451.500000 169497.421875 0.000000 82.572746 7712564.000000 0.000000 615636.687500 0.000000 0.000000 15829.368164 1507597.500000 1299264.625000 2319580.000000 192607.671875 5230698.000000 561643.687500 940.759033 1120521.750000 0.000000 707781.437500 451220.125000 
GemsFDTD 23848460.000000 8852.793945 3484.874268 44492340.000000 350.230499 0.000000 0.000000 656380.875000 0.000000 86287.585938 0.000000 0.000000 13112.024414 12066138.000000 29478240.000000 10439088.000000 5931556.500000 188215360.000000 1732580.875000 3218.513916 104735.375000 0.000000 3059.843506 1091.144287 
hmmer 22946374.000000 46332.984375 14204.716797 1141943.000000 76259.187500 0.000000 19.030529 1159568.625000 0.000000 650.323975 0.000000 0.000000 43743.457031 2262366.500000 1509555.625000 1234880.000000 777819.812500 10287831.000000 2810240.000000 986.505432 728762.500000 0.000000 593996.687500 183728.140625 
milc 25410678.000000 14703.191406 215329.593750 61297880.000000 6300.593262 0.000000 12931.430664 442515.812500 0.000000 72338.812500 0.000000 0.000000 1254534.875000 31344850.000000 16472288.000000 5668660.000000 2511197.000000 139421088.000000 4308725.000000 15731.832031 12958606.000000 0.000000 26486.250000 14786.910156 
xalancbmk 23986632.000000 325170.250000 1552339.625000 188870144.000000 238764.921875 0.000000 271460.093750 10766544.000000 0.000000 126336.515625 0.000000 0.000000 7052487.000000 5394269.500000 10585285.000000 23794956.000000 5922496.000000 89342920.000000 1087806.750000 5293.010742 5240956.000000 0.000000 1122191.000000 659513.687500 
cactusADM 21574706.000000 49026.031250 5968.937012 2210564.250000 2179.715820 0.000000 33.080952 3917221.500000 0.000000 1136426.125000 0.000000 0.000000 21027.853516 3737443.500000 1652239.000000 1467134.000000 1000418.062500 25745330.000000 184954.312500 31578.355469 4186700.000000 0.000000 12669.072266 26423.986328 
soplex 38341832.000000 109321.500000 45301.976562 57367304.000000 1014003.250000 0.000000 194.522644 6176288.500000 0.000000 250150.781250 0.000000 0.000000 116031.585938 35638000.000000 14596693.000000 25170512.000000 9601896.000000 194209248.000000 3010450.000000 26472.865234 7912912.500000 0.000000 9644325.000000 3495266.500000 
zeusmp 25351524.000000 21089.724609 4067.685059 141299792.000000 879.168030 0.000000 0.000000 495859.531250 0.000000 87873.132812 0.000000 0.000000 13112.025391 37536640.000000 73029560.000000 7421771.500000 1599426.750000 39014604.000000 5599538.500000 17627.595703 2890518.000000 0.000000 2243.418701 344984.906250 
sphinx3 27712276.000000 105947.429688 21237.128906 36230060.000000 229837.500000 0.000000 1.155180 3003295.750000 0.000000 435930.812500 0.000000 0.000000 247745.453125 20468616.000000 13123312.000000 5243065.000000 2395778.000000 72348488.000000 465343.312500 2641.538086 597314.687500 0.000000 1721611.375000 643234.125000 
wrf 24951224.000000 49359.976562 81418.765625 3230099.000000 12390.561523 0.000000 1486.253662 2209778.750000 0.000000 122657.781250 0.000000 0.000000 1539149.875000 28202826.000000 4295861.000000 3861954.250000 1275414.875000 40687700.000000 3783945.750000 4040.309814 1101583.000000 0.000000 71890.390625 916704.625000 
leslie3d 24926770.000000 25596.058594 6206.809570 10013971.000000 2523.518066 0.000000 0.000000 1870520.125000 0.000000 157550.718750 0.000000 0.000000 13436.857422 28751912.000000 5988059.000000 7300488.000000 3004926.000000 75253112.000000 4879016.500000 6702.057617 2771863.500000 0.000000 7403.354980 1133029.875000 
libquantum 25957688.000000 11058.982422 5545.197266 1486496.500000 31783.279297 0.000000 669.531128 518452.875000 0.000000 4.235910 0.000000 0.000000 13112.026367 15368217.000000 70833696.000000 694619.687500 378047.312500 99242248.000000 3431445.000000 1112.467163 123854.968750 0.000000 449957.250000 88956.820312 
sjeng 27936342.000000 99164.531250 8929.164062 27934304.000000 1436782.250000 0.000000 12574.304688 17241400.000000 0.000000 237655.781250 0.000000 0.000000 16239.566406 1118730.375000 272275.125000 1301557.625000 391855.000000 7292061.500000 318603.968750 1896.301147 340449.875000 0.000000 3838913.750000 2872920.000000 
gamess 23277862.000000 162944.250000 13032.958008 13396922.000000 60774.902344 0.000000 1919.775635 3521809.500000 0.000000 120489.664062 0.000000 0.000000 13111.990234 10358586.000000 722436.187500 1352636.625000 201691.718750 1882028.500000 1952371.250000 5998.003906 426182.906250 0.000000 306486.656250 274321.906250 
lbm 24412246.000000 18540.765625 9288.106445 8027900.500000 707.592407 0.000000 420.661285 49959.761719 0.000000 55.326191 0.000000 0.000000 36633.128906 35677096.000000 110776520.000000 215996.718750 170844.531250 6940310.000000 2794180.750000 7809.607910 2460061.500000 0.000000 91034.937500 34133.976562 
calculix 28810528.000000 51738.117188 16006.583008 1580772.375000 191710.734375 0.000000 26.050520 2843036.750000 0.000000 29607.162109 0.000000 0.000000 13323.005859 33948812.000000 1722534.375000 1065430.000000 251528.187500 15655330.000000 620544.437500 6142.037598 302399.562500 0.000000 1022693.437500 457230.375000 
