dealII 21017610.000000 67884.851562 128337.140625 4208203.000000 39495.191406 0.000000 1168.254517 14924045.000000 289007.531250 2308.649170 0.000000 9606.341797 996255.062500 12732776.000000 834250.625000 1786668.375000 615331.937500 37957280.000000 3463637.500000 22994.019531 609739.312500 0.000000 2144482.750000 2291934.000000 
bzip2 28300050.000000 21192.802734 4925.083496 60515884.000000 79294.578125 0.000000 0.000000 17387766.000000 643656.562500 293962.281250 0.000000 6050.950684 13413.762695 2306226.250000 5557815.500000 7427043.500000 2282164.250000 47488740.000000 1759371.000000 1116.497681 1394382.375000 0.000000 17022484.000000 790125.437500 
povray 20994058.000000 170819.500000 32109.433594 127825480.000000 11538.881836 0.000000 3151.600098 11269423.000000 111600.765625 31772.779297 0.000000 5461.130859 5588598.000000 13993528.000000 2414251.500000 4858852.500000 193984.468750 1642055.125000 1014008.187500 4031.964355 111182.890625 0.000000 2087170.875000 1596706.625000 
astar 39485108.000000 29585.681641 5646.184570 138279072.000000 14501.656250 0.000000 132.414398 14922020.000000 565723.312500 7326.873047 0.000000 3833.873291 24691.826172 2572120.250000 4650034.500000 10478333.000000 2556412.250000 56290568.000000 2229677.250000 183934.500000 6275405.000000 0.000000 41698464.000000 1416893.750000 
gcc 21457972.000000 230879.218750 400776.500000 33825140.000000 78728.140625 0.000000 12513.018555 21365302.000000 277239.187500 72196.132812 0.000000 49407.519531 209778.296875 3388721.250000 6494299.500000 6592379.500000 2881251.000000 50140584.000000 2190029.250000 158778.531250 24639488.000000 0.000000 3211693.500000 975901.375000 
namd 24822248.000000 26226.625000 5776.425293 794599.250000 7746.315918 0.000000 260.478668 18693626.000000 151700.156250 174876.890625 0.000000 2882.171387 38447.648438 8067500.000000 1242549.000000 625110.937500 165068.531250 4013425.250000 1371260.875000 376.696228 79418.460938 0.000000 7692266.000000 1068987.000000 
tonto 20630808.000000 171167.203125 37172.960938 13322544.000000 26083.615234 0.000000 446.660339 9764364.000000 152472.578125 34758.468750 0.000000 19420.140625 20139218.000000 15413192.000000 6875681.500000 1603797.750000 188765.312500 9026782.000000 1770768.875000 14548.841797 3308115.750000 0.000000 1352529.375000 2274884.250000 
gromacs 22163048.000000 65879.976562 13592.011719 18539958.000000 38573.839844 0.000000 0.000000 35886912.000000 359288.562500 63783.855469 0.000000 11601.953125 758255.750000 31280390.000000 19680308.000000 1528442.875000 428251.937500 24524178.000000 759030.875000 6026.395508 550629.687500 0.000000 4510211.000000 8197359.500000 
omnetpp 26603034.000000 172786.390625 92973.718750 384953088.000000 123554.671875 0.000000 9451.313477 16295963.000000 631583.250000 35845.156250 0.000000 59755.328125 239695.421875 5597239.000000 15368008.000000 25651202.000000 7423944.500000 147158640.000000 1107992.250000 111619.492188 8474047.000000 0.000000 12253881.000000 1888825.750000 
perlbench 21296890.000000 280708.218750 172589.156250 41720980.000000 65290.417969 0.000000 21212.146484 17876192.000000 326551.218750 599383.187500 0.000000 35009.144531 115863.093750 1156084.500000 1531307.250000 2673225.750000 539373.125000 9607624.000000 649746.062500 2099.721680 351177.593750 0.000000 3166807.250000 852149.375000 
bwaves 20015514.000000 12207.516602 5966.679199 4878479.500000 210.354309 0.000000 63.086464 19167618.000000 1329.476929 3320.993408 0.000000 128.396667 28027.230469 72925984.000000 2157688.750000 50559492.000000 7857667.000000 147700672.000000 8547622.000000 1477.881226 1108122.250000 0.000000 24341.585938 6313543.500000 
gobmk 29628378.000000 206651.078125 43287.292969 10671424.000000 688616.812500 0.000000 10016.456055 14978623.000000 2419169.250000 435486.000000 0.000000 398248.750000 21483.191406 885836.750000 1007742.187500 1289869.500000 400114.468750 7650530.000000 241996.843750 6995.789062 1159022.875000 0.000000 23983118.000000 1891355.250000 
mcf 41852844.000000 10967.297852 62863.785156 -389142368.000000 160459.812500 0.000000 677.429871 32536918.000000 915120.875000 883950.312500 0.000000 51650.640625 458312.375000 14715980.000000 41075588.000000 142396176.000000 47227416.000000 900011776.000000 1488383.375000 3537.879883 899551.750000 0.000000 40889012.000000 1088635.375000 
h264ref 20802726.000000 191430.109375 13408.045898 6419703.000000 18583.794922 0.000000 69.164192 9218939.000000 137843.250000 358863.406250 0.000000 9049.718750 15662.268555 872403.500000 1117840.000000 2044339.750000 188753.671875 5200072.000000 445874.062500 762.039612 1133736.375000 0.000000 1739493.875000 697803.437500 
GemsFDTD 20003114.000000 8567.112305 3473.880615 43966652.000000 61.165565 0.000000 0.000000 9682796.000000 849.659058 42731.214844 0.000000 21.578421 12992.025391 9637298.000000 26758102.000000 10047524.000000 5679814.000000 187200432.000000 1661137.500000 2586.886963 93579.703125 0.000000 6955.909180 2275670.000000 
hmmer 20627904.000000 44021.167969 14025.429688 1134205.000000 4526.271484 0.000000 16.921593 3812111.000000 53441.187500 537.214355 0.000000 1190.421143 43476.308594 904291.750000 1421477.125000 1211651.250000 775440.125000 10215929.000000 2214830.500000 1011.036743 727065.625000 0.000000 1101342.875000 1510798.875000 
milc 20029064.000000 12522.029297 209186.500000 60971384.000000 2967.791016 0.000000 6907.230469 10518509.000000 5126.237793 588.834351 0.000000 2756.708252 1238311.750000 26268998.000000 13865807.000000 5492005.000000 2399893.250000 139071376.000000 5093837.500000 16144.473633 12950330.000000 0.000000 49697.019531 3264257.500000 
xalancbmk 21226320.000000 308352.687500 1535674.500000 186939424.000000 51999.523438 0.000000 228507.390625 16598395.000000 327921.562500 105313.031250 0.000000 22708.689453 7025570.000000 5305760.500000 9703167.000000 21741064.000000 5873123.000000 89076368.000000 994862.687500 5221.126953 5317345.500000 0.000000 2544134.500000 1414388.500000 
cactusADM 20019222.000000 48474.128906 5927.499023 2200765.250000 416.097015 0.000000 8.167096 5807568.000000 8246.241211 1093062.000000 0.000000 390.434174 20797.160156 2867371.000000 1171860.250000 1386142.750000 1004395.562500 25633568.000000 171034.156250 32702.697266 4232772.500000 0.000000 33089.406250 1224261.625000 
soplex 29953392.000000 105815.601562 44744.812500 56270000.000000 55636.972656 0.000000 39.418270 22355542.000000 823574.750000 143448.140625 0.000000 12101.720703 115359.554688 28482972.000000 13357654.000000 20497886.000000 9112549.000000 192997360.000000 3596183.500000 25048.457031 7904676.000000 0.000000 19399148.000000 1473097.500000 
zeusmp 20002916.000000 20419.835938 4048.405029 139613344.000000 314.893066 0.000000 0.000000 17980968.000000 1898.506226 65170.636719 0.000000 152.906662 12992.026367 27715642.000000 70085432.000000 7627988.000000 1525210.625000 38960172.000000 5108964.500000 11014.710938 2902347.250000 0.000000 6844.456543 3085298.000000 
sphinx3 21881802.000000 101788.992188 21073.253906 35905024.000000 6054.420898 0.000000 0.474240 11286993.000000 118270.859375 140378.671875 0.000000 4174.580078 247272.437500 16317650.000000 12742747.000000 4209122.000000 2257362.000000 72082472.000000 441660.468750 2525.488281 590873.937500 0.000000 3734483.750000 2904044.750000 
wrf 20077592.000000 46079.570312 80129.625000 3199020.750000 2840.544678 0.000000 144.901321 9886573.000000 13410.490234 72820.539062 0.000000 1839.472168 1523345.625000 22845114.000000 4043258.000000 4249665.500000 1187994.500000 39977564.000000 4299279.000000 2085.968994 1103608.875000 0.000000 147815.937500 3639327.250000 
leslie3d 20008904.000000 23857.634766 6104.244141 9924943.000000 853.046753 0.000000 0.000000 12676935.000000 5107.718262 41901.921875 0.000000 430.676697 13300.896484 22687398.000000 4553286.000000 7004542.500000 2870211.250000 74299656.000000 5820363.000000 5758.064453 2785970.750000 0.000000 21397.974609 3362207.750000 
libquantum 20476010.000000 10621.688477 5517.969238 1416687.875000 693.533630 0.000000 662.345459 41752412.000000 986.346252 2.946720 0.000000 345.215332 12992.026367 4291746.000000 60736256.000000 507457.593750 238392.250000 88004536.000000 194685.671875 973.949829 127593.585938 0.000000 755973.500000 102451.500000 
sjeng 24566148.000000 92621.726562 8554.340820 27760146.000000 138254.343750 0.000000 12388.948242 15624011.000000 1148310.250000 199555.781250 0.000000 51069.007812 16056.391602 941741.125000 251354.812500 1271666.875000 391615.625000 7286613.000000 296045.031250 2062.424072 377301.656250 0.000000 11513896.000000 723278.375000 
gamess 20343182.000000 155901.968750 12812.185547 13291056.000000 7483.532227 0.000000 1765.774414 7242808.500000 71969.390625 84110.250000 0.000000 3149.601562 12991.990234 7650793.000000 610433.125000 1226782.125000 168298.531250 1888046.500000 1800883.875000 6764.933594 419181.031250 0.000000 762886.937500 2290337.000000 
lbm 20100106.000000 18302.076172 9125.611328 7744984.500000 188.861206 0.000000 217.178513 21569688.000000 825.825806 29.378048 0.000000 129.595749 36071.503906 20493284.000000 107724536.000000 185852.046875 102743.062500 6873439.000000 2593336.500000 7749.237793 2463968.750000 0.000000 208035.187500 1591167.750000 
calculix 21123906.000000 48750.812500 15884.668945 1561033.875000 6476.178223 0.000000 25.155392 12576936.000000 90415.960938 22811.570312 0.000000 3562.980713 13194.143555 29470232.000000 1615090.375000 903563.500000 173928.078125 14966352.000000 603366.625000 4451.298340 303408.250000 0.000000 2325942.750000 2760091.000000 
