dealII 31215556.000000 69987.796875 128960.828125 4255044.500000 218215.218750 0.000000 1542.053589 0.000000 279840.906250 2743.415039 3009.380859 4300.392578 1011876.750000 16887074.000000 1574213.750000 1939656.375000 644272.687500 40515064.000000 3329794.500000 25633.408203 608306.312500 0.000000 1077020.125000 350875.281250 
bzip2 42923740.000000 21740.138672 4946.976074 62067748.000000 1275794.750000 0.000000 0.000000 0.000000 1558503.000000 317669.625000 660.045837 758.931580 13617.287109 4580176.500000 6191023.500000 9650833.000000 2389241.500000 47869648.000000 2312505.500000 1724.400757 1380818.875000 0.000000 9168176.000000 1566313.000000 
povray 29334368.000000 174715.484375 32621.013672 128760296.000000 124372.539062 0.000000 3304.151611 0.000000 207004.765625 33295.121094 4085.188965 5582.987793 5653205.000000 16720925.000000 2902986.750000 5266120.500000 191048.109375 1568279.250000 1461633.125000 6564.034180 163209.953125 0.000000 1112953.875000 233170.546875 
astar 58725864.000000 29987.935547 5681.547852 139910176.000000 2507780.500000 0.000000 163.659393 0.000000 3616306.250000 7747.025391 976.485535 906.801392 25106.806641 4458060.500000 5371327.500000 12168761.000000 2662036.500000 57235648.000000 2449405.250000 185307.406250 6259981.500000 0.000000 22796212.000000 3272042.000000 
gcc 37612384.000000 239308.000000 405491.875000 34238308.000000 332202.593750 0.000000 12891.691406 0.000000 357332.750000 79144.500000 37355.207031 51981.433594 213364.187500 4260104.500000 9691756.000000 7623391.000000 2996957.500000 50248620.000000 2843141.250000 163982.484375 24855852.000000 0.000000 1650658.125000 738794.375000 
namd 35362108.000000 26831.294922 5805.129883 807862.875000 407901.062500 0.000000 273.740662 0.000000 481505.812500 197614.187500 406.000885 434.106842 38916.832031 17301686.000000 1678376.000000 921519.687500 219547.703125 4128870.250000 1776069.000000 495.430328 78419.562500 0.000000 5104565.500000 505122.718750 
tonto 26216758.000000 175652.218750 37354.554688 13406414.000000 134898.390625 0.000000 463.585663 0.000000 169356.859375 44644.648438 12002.570312 38545.656250 20673952.000000 20304348.000000 7474358.000000 1861451.750000 235793.125000 9137706.000000 1890178.750000 17992.291016 3317692.000000 0.000000 668587.250000 309348.687500 
gromacs 27258028.000000 66753.914062 13632.536133 18902116.000000 346817.000000 0.000000 0.000000 0.000000 471621.218750 80018.062500 564.511475 774.355225 778025.437500 58490544.000000 20850474.000000 1929066.625000 492639.156250 24867310.000000 2233966.750000 6206.559570 563079.187500 0.000000 2459516.250000 9554553.000000 
omnetpp 39115364.000000 175984.968750 93620.851562 388707840.000000 585792.562500 0.000000 10172.527344 0.000000 1018727.500000 37342.414062 32948.617188 52328.773438 242039.609375 5867075.500000 16785918.000000 26861590.000000 7564666.000000 148343376.000000 1223002.250000 112765.132812 8569928.000000 0.000000 7641243.500000 1211363.250000 
perlbench 38797616.000000 289639.062500 175230.500000 42202476.000000 355930.625000 0.000000 21872.728516 0.069044 388842.218750 602997.375000 33923.816406 33609.914062 117328.679688 1904232.000000 1775085.375000 3024437.750000 559413.500000 9628593.000000 793407.187500 2787.864258 365097.843750 0.000000 1463835.875000 503885.562500 
bwaves 28488706.000000 12503.474609 5982.553711 4907284.500000 932.126831 0.000000 94.716835 0.000000 2076.138916 3962.035400 58.220070 129.151382 28455.046875 98017880.000000 2598251.000000 41406348.000000 7861978.500000 147378896.000000 8720569.000000 1507.300781 1121066.875000 0.000000 16187.472656 736579.250000 
gobmk 50417040.000000 217107.406250 43886.277344 10737602.000000 3366144.750000 0.000000 10100.230469 0.000000 3141740.250000 562422.437500 333374.218750 457037.000000 22128.332031 1334504.750000 1166759.750000 1499876.125000 411046.375000 7725520.500000 310240.781250 7687.981445 1186105.000000 0.000000 10778544.000000 4289075.000000 
mcf 64265652.000000 11107.795898 63367.140625 -374516288.000000 1040308.062500 0.000000 1289.844604 0.000000 3134193.750000 1289136.500000 14760.029297 24226.167969 465566.843750 13297340.000000 42172212.000000 148345056.000000 47366460.000000 900155264.000000 2030452.875000 4783.041016 900075.750000 0.000000 24215294.000000 3307040.500000 
h264ref 29388526.000000 201360.484375 13622.161133 6479107.500000 165343.906250 0.000000 75.586922 0.000000 186077.484375 379802.406250 7044.428223 9715.107422 15937.865234 1551556.500000 1315612.750000 2615349.500000 192944.265625 5246465.500000 576097.062500 957.398926 1123995.875000 0.000000 865819.000000 291919.812500 
GemsFDTD 23715252.000000 8677.313477 3479.131104 44502940.000000 338.193542 0.000000 0.000000 0.000000 942.187195 42839.070312 18.724194 11.844080 13192.027344 12363305.000000 29614424.000000 10452390.000000 5933411.500000 188549040.000000 1764098.875000 3545.984619 112172.601562 0.000000 3259.691895 968.991028 
hmmer 23939356.000000 45277.464844 14124.906250 1142278.500000 74784.812500 0.000000 17.778252 0.000000 87742.789062 551.097534 927.733521 1276.200684 43922.382812 2301197.750000 1511254.000000 1235422.500000 777884.062500 10290328.000000 2841747.750000 1030.242920 733518.562500 0.000000 674909.625000 101717.468750 
milc 24884948.000000 12786.172852 211000.453125 61301144.000000 5380.902344 0.000000 10349.229492 0.000000 5731.360840 49044.070312 1329.519287 2751.034424 1262551.000000 31627794.000000 16603163.000000 5716623.500000 2511533.000000 139682368.000000 4501858.000000 15766.439453 13022962.000000 0.000000 29103.226562 11462.149414 
xalancbmk 33264986.000000 317296.718750 1543727.125000 188923952.000000 217745.828125 0.000000 240864.718750 0.000000 309571.968750 116203.984375 19683.644531 25449.080078 7089056.000000 5843124.000000 10708051.000000 24104026.000000 5924427.500000 89523248.000000 1127268.875000 5362.906738 5269732.500000 0.000000 1348622.125000 423186.031250 
cactusADM 25340158.000000 48708.683594 5939.494141 2210751.500000 2120.589111 0.000000 17.552809 0.000000 6525.882324 1113301.250000 114.400902 172.848236 21163.335938 3825340.000000 1668260.750000 1493598.625000 1017845.000000 25752860.000000 195185.343750 31593.978516 4189146.750000 0.000000 13492.083984 25755.328125 
soplex 39835476.000000 107595.742188 44885.960938 57463120.000000 997370.875000 0.000000 93.771103 0.000000 1712757.625000 165402.765625 4384.745605 8467.373047 116549.539062 37007896.000000 14875899.000000 25604670.000000 9626370.000000 194888208.000000 3292975.750000 26620.765625 7949244.000000 0.000000 11089585.000000 1908643.375000 
zeusmp 24234014.000000 20716.345703 4058.355957 141341536.000000 826.211670 0.000000 0.000000 0.000000 1309.008057 72562.679688 101.586388 149.851837 13192.026367 38473072.000000 73298496.000000 7499677.500000 1600165.500000 39142244.000000 5755249.500000 18695.906250 2903528.750000 0.000000 2864.292236 348663.000000 
sphinx3 29522534.000000 104061.281250 21158.623047 36245852.000000 228426.593750 0.000000 0.786240 0.000000 319959.281250 146267.234375 2536.553467 3402.454834 247977.906250 21154346.000000 13279255.000000 5296477.500000 2398387.750000 72555144.000000 483461.281250 2650.651855 603551.562500 0.000000 2033599.250000 346692.718750 
wrf 26234920.000000 47670.585938 80456.804688 3231543.750000 11913.105469 0.000000 565.006348 0.000000 15438.886719 103609.656250 1075.615967 1597.778931 1542457.250000 28529564.000000 4466072.000000 4032272.000000 1279320.250000 40786584.000000 3932548.500000 4070.193359 1105816.875000 0.000000 82285.718750 909711.500000 
leslie3d 25509736.000000 24784.484375 6152.172852 10022203.000000 2432.151855 0.000000 0.000000 0.000000 3846.849609 82180.414062 317.834564 352.940765 13531.391602 29166238.000000 6171890.500000 7579203.000000 3008921.000000 75429600.000000 5158247.500000 6755.967285 2781746.500000 0.000000 9099.898438 1135865.875000 
libquantum 22621996.000000 10863.210938 5523.895508 1487793.125000 31730.332031 0.000000 666.767334 0.000000 44174.171875 2.946720 263.617889 344.172180 13192.027344 15492967.000000 72084328.000000 717083.062500 378725.093750 101650160.000000 3431585.750000 1112.467163 125801.679688 0.000000 493667.562500 45000.417969 
sjeng 43690780.000000 95997.773438 8755.940430 27949232.000000 1386601.500000 0.000000 12502.605469 0.000000 1464044.125000 217583.562500 22090.554688 31073.531250 16351.750977 1149493.250000 275727.375000 1315890.250000 394869.250000 7305036.500000 329540.375000 1928.589233 353250.812500 0.000000 5077879.500000 1574036.750000 
gamess 26431166.000000 159878.093750 12899.392578 13403361.000000 59099.679688 0.000000 1849.553101 0.000000 87795.015625 87057.742188 1617.609131 2314.714355 13191.990234 10538730.000000 742174.875000 1387526.000000 205391.906250 1890762.875000 2006650.875000 6886.075195 429022.531250 0.000000 375397.843750 208839.359375 
lbm 23012750.000000 18358.167969 9172.249023 8051174.000000 668.188171 0.000000 331.506744 0.000000 16964.076172 42.429043 100.367012 131.373825 36930.773438 36781160.000000 111013560.000000 216246.265625 171001.562500 6954025.000000 2829237.500000 7819.910156 2478936.750000 0.000000 107791.117188 17353.099609 
calculix 29821366.000000 50475.210938 15961.233398 1581981.375000 187782.718750 0.000000 25.706240 0.000000 220137.375000 24722.544922 7996.190918 5839.536133 13407.437500 35164752.000000 1827124.125000 1119313.125000 253454.453125 15872831.000000 647694.250000 6776.371094 304986.031250 0.000000 1218626.375000 244146.375000 
