495
astar_biglakes/181850000000 100000000 219032 0 2.190 0.000
astar_biglakes/24900000000 100000004 4262137 0 42.621 0.000
astar_biglakes/253750000000 100000002 571255 0 5.713 0.000
astar_biglakes/256350000000 100000000 589660 0 5.897 0.000
astar_biglakes/26450000000 100000000 4212065 0 42.121 0.000
astar_biglakes/289150000000 100000005 586910 0 5.869 0.000
astar_biglakes/353200000000 100000002 5385684 0 53.857 0.000
astar_biglakes/363300000000 100000003 3778856 0 37.789 0.000
astar_biglakes/98500000000 100000001 119553 0 1.196 0.000
astar_rivers/185000000000 100000002 272579 0 2.726 0.000
astar_rivers/224350000000 100000001 267478 0 2.675 0.000
astar_rivers/287000000000 100000002 284172 0 2.842 0.000
astar_rivers/380800000000 100000005 262802 1 2.628 0.000
astar_rivers/47650000000 100000000 4304595 0 43.046 0.000
astar_rivers/49500000000 100000001 4292708 0 42.927 0.000
astar_rivers/565350000000 100000004 517529 0 5.175 0.000
astar_rivers/591550000000 100000003 553493 1 5.535 0.000
astar_rivers/637900000000 100000003 592203 1 5.922 0.000
astar_rivers/803450000000 100000002 4751419 0 47.514 0.000
astar_rivers/807200000000 100000000 4924513 0 49.245 0.000
bwaves/1003900000000 100000004 9748 0 0.097 0.000
bwaves/139750000000 100000001 1150 14 0.011 0.000
bwaves/1437800000000 100000003 9762 0 0.098 0.000
bwaves/425200000000 100000001 2584 0 0.026 0.000
bwaves/970350000000 100000005 17704 0 0.177 0.000
bzip2_chicken/119950000000 100000002 249582 0 2.496 0.000
bzip2_chicken/178950000000 100000004 1128988 0 11.290 0.000
bzip2_chicken/184650000000 100000000 1048862 32 10.488 0.000
bzip2_chicken/30400000000 100000005 1006158 15 10.061 0.000
bzip2_chicken/54250000000 100000003 5813 1 0.058 0.000
bzip2_chicken/56100000000 100000002 194292 0 1.943 0.000
bzip2_chicken/70200000000 100000003 743021 30 7.430 0.000
bzip2_combined/156300000000 100000005 235847 1 2.358 0.000
bzip2_combined/165900000000 100000005 916346 0 9.163 0.000
bzip2_combined/177850000000 100000002 632543 1 6.325 0.000
bzip2_combined/183700000000 100000000 966530 0 9.665 0.000
bzip2_combined/183900000000 100000000 1467457 0 14.675 0.000
bzip2_combined/196200000000 100000003 801184 0 8.012 0.000
bzip2_combined/23600000000 100000001 1299525 0 12.995 0.000
bzip2_combined/251450000000 100000004 1087099 22 10.871 0.000
bzip2_combined/259700000000 100000000 1027246 22 10.272 0.000
bzip2_combined/264500000000 100000005 1114233 34 11.142 0.000
bzip2_combined/282850000000 100000003 34649 0 0.346 0.000
bzip2_html/241000000000 100000001 654640 0 6.546 0.000
bzip2_html/253600000000 100000000 550514 18 5.505 0.000
bzip2_html/30350000000 100000002 103127 0 1.031 0.000
bzip2_html/428600000000 100000001 13829 0 0.138 0.000
bzip2_html/498900000000 100000002 277234 0 2.772 0.000
bzip2_html/504300000000 100000001 739785 1 7.398 0.000
bzip2_html/534700000000 100000001 480970 0 4.810 0.000
bzip2_html/858350000000 100000003 798996 0 7.990 0.000
bzip2_liberty/106600000000 100000000 783 0 0.008 0.000
bzip2_liberty/145750000000 100000004 611128 0 6.111 0.000
bzip2_liberty/238400000000 100000000 1088210 0 10.882 0.000
bzip2_liberty/242550000000 100000003 228311 0 2.283 0.000
bzip2_liberty/324700000000 100000005 386232 0 3.862 0.000
bzip2_liberty/339900000000 100000003 193701 0 1.937 0.000
bzip2_liberty/346800000000 100000003 606203 22 6.062 0.000
bzip2_program/124450000000 100000003 415857 1 4.159 0.000
bzip2_program/169500000000 100000001 723609 21 7.236 0.000
bzip2_program/178450000000 100000002 1093799 35 10.938 0.000
bzip2_program/212500000000 100000003 346025 1 3.460 0.000
bzip2_program/248100000000 100000004 285001 1 2.850 0.000
bzip2_program/277600000000 100000000 264550 1 2.645 0.000
bzip2_program/298550000000 100000004 1413889 0 14.139 0.000
bzip2_program/332900000000 100000000 391352 3 3.913 0.000
bzip2_program/339450000000 100000000 814784 0 8.148 0.000
bzip2_program/379900000000 100000002 794297 33 7.943 0.000
bzip2_program/392450000000 100000000 696858 21 6.968 0.000
bzip2_program/577000000000 100000001 369989 0 3.700 0.000
bzip2_program/58100000000 100000002 1070904 0 10.709 0.000
bzip2_program/60550000000 100000002 94448 0 0.944 0.000
bzip2_source/139400000000 100000002 1646878 0 16.469 0.000
bzip2_source/139950000000 100000000 699833 1 6.998 0.000
bzip2_source/140700000000 100000005 565645 1 5.656 0.000
bzip2_source/142050000000 100000005 918328 25 9.183 0.000
bzip2_source/162000000000 100000005 1266039 35 12.660 0.000
bzip2_source/193500000000 100000003 1313210 0 13.132 0.000
bzip2_source/19750000000 100000000 1582777 0 15.828 0.000
bzip2_source/205150000000 100000000 1023587 0 10.236 0.000
bzip2_source/228500000000 100000001 1016774 0 10.168 0.000
bzip2_source/239650000000 100000000 330934 1 3.309 0.000
bzip2_source/245800000000 100000005 767084 1 7.671 0.000
bzip2_source/252200000000 100000000 228760 1 2.288 0.000
bzip2_source/294950000000 100000003 896017 0 8.960 0.000
bzip2_source/377700000000 100000001 133518 0 1.335 0.000
cactusADM/5200000000 100000000 498 0 0.005 0.000
calculix/1820300000000 100000002 35459 2 0.355 0.000
calculix/2287650000000 100000004 89326 1 0.893 0.000
calculix/36000000000 100000005 49606 2 0.496 0.000
calculix/4666800000000 100000000 35590 2 0.356 0.000
calculix/5561750000000 100000001 4871 0 0.049 0.000
dealII/1191450000000 100000000 686964 28 6.869 0.000
dealII/142500000000 100000002 16047 37 0.160 0.000
dealII/15050000000 100000004 161172 1 1.612 0.000
dealII/249900000000 100000004 16558 40 0.165 0.000
dealII/264100000000 100000001 6910 12 0.069 0.000
dealII/284250000000 100000004 105176 10872 0.943 0.109
dealII/408750000000 100000002 38971 35 0.389 0.000
dealII/769600000000 100000005 5544 10 0.055 0.000
dealII/875450000000 100000000 148817 17584 1.312 0.176
gamess_cytosine/144150000000 100000000 92586 166 0.924 0.002
gamess_cytosine/170700000000 100000005 152349 252 1.521 0.003
gamess_cytosine/19850000000 100000000 140605 188 1.404 0.002
gamess_cytosine/204700000000 100000004 51236 174 0.511 0.002
gamess_cytosine/262600000000 100000002 150228 288 1.499 0.003
gamess_cytosine/282400000000 100000003 105681 233 1.054 0.002
gamess_cytosine/289000000000 100000004 55644 158 0.555 0.002
gamess_cytosine/32800000000 100000002 159227 207 1.590 0.002
gamess_cytosine/329650000000 100000004 140466 196 1.403 0.002
gamess_cytosine/350450000000 100000003 104134 193 1.039 0.002
gamess_cytosine/83600000000 100000005 128219 213 1.280 0.002
gamess_gradient/1319250000000 100000002 57466 335 0.571 0.003
gamess_gradient/1367200000000 100000004 73945 366 0.736 0.004
gamess_gradient/173150000000 100000005 66818 246 0.666 0.002
gamess_gradient/210850000000 100000003 61347 373 0.610 0.004
gamess_gradient/29600000000 100000000 51016 304 0.507 0.003
gamess_gradient/323300000000 100000002 31504 242 0.313 0.002
gamess_gradient/347050000000 100000001 45199 275 0.449 0.003
gamess_gradient/66350000000 100000005 50854 375 0.505 0.004
gamess_gradient/807500000000 100000000 54157 257 0.539 0.003
gamess_gradient/874900000000 100000003 35803 227 0.356 0.002
gamess_gradient/971600000000 100000000 56693 316 0.564 0.003
gamess_triazolium/109150000000 100000003 31828 219 0.316 0.002
gamess_triazolium/12300000000 100000002 66518 227 0.663 0.002
gamess_triazolium/24100000000 100000003 32713 151 0.326 0.002
gamess_triazolium/24800000000 100000005 55968 259 0.557 0.003
gamess_triazolium/36600000000 100000005 35630 150 0.355 0.001
gamess_triazolium/3850000000 100000001 54146 261 0.539 0.003
gamess_triazolium/48350000000 100000004 24462 167 0.243 0.002
gamess_triazolium/58350000000 100000002 50178 258 0.499 0.003
gamess_triazolium/58450000000 100000000 48466 193 0.483 0.002
gamess_triazolium/6350000000 100000000 46209 167 0.460 0.002
gamess_triazolium/64150000000 100000000 52230 167 0.521 0.002
gamess_triazolium/78850000000 100000000 41577 207 0.414 0.002
gamess_triazolium/97800000000 100000005 32391 152 0.322 0.002
gcc_166/22900000000 100000003 141810 2044 1.398 0.020
gcc_166/38000000000 100000003 265399 6886 2.585 0.069
gcc_166/39800000000 100000000 89948 4940 0.850 0.049
gcc_166/44600000000 100000001 421857 37781 3.841 0.378
gcc_166/51650000000 100000003 32045 54 0.320 0.001
gcc_166/58700000000 100000001 40310 1138 0.392 0.011
gcc_166/69650000000 100000005 150434 1484 1.489 0.015
gcc_166/73900000000 100000002 575226 9496 5.657 0.095
gcc_166/80100000000 100000001 288961 1142 2.878 0.011
gcc_200/102700000000 100000004 637751 45049 5.927 0.450
gcc_200/105250000000 100000003 669674 40315 6.294 0.403
gcc_200/10950000000 100000003 273514 13603 2.599 0.136
gcc_200/140100000000 100000005 189508 9586 1.799 0.096
gcc_200/16800000000 100000003 342353 5816 3.365 0.058
gcc_200/21750000000 100000000 504525 854 5.037 0.009
gcc_200/40600000000 100000005 41980 57 0.419 0.001
gcc_200/45750000000 100000000 425340 30383 3.950 0.304
gcc_200/90600000000 100000003 184917 9441 1.755 0.094
gcc_200/95600000000 100000003 329746 16488 3.133 0.165
gcc_cpdecl/111600000000 100000004 548731 23565 5.252 0.236
gcc_cpdecl/113200000000 100000000 551273 27350 5.239 0.273
gcc_cpdecl/11500000000 100000001 16455 48 0.164 0.000
gcc_cpdecl/39050000000 100000000 25950 966 0.250 0.010
gcc_cpdecl/44550000000 100000005 118961 681 1.183 0.007
gcc_cpdecl/81750000000 100000001 51748 2901 0.488 0.029
gcc_expr/100850000000 100000005 41015 2205 0.388 0.022
gcc_expr/200000000 0 0 0 0 0
gcc_expr/28800000000 100000002 23246 54 0.232 0.001
gcc_expr/42850000000 100000004 226874 17 2.269 0.000
gcc_expr/50350000000 100000000 28324 644 0.277 0.006
gcc_expr/69500000000 100000001 110122 381 1.097 0.004
gcc_expr/79100000000 100000000 47792 1208 0.466 0.012
gcc_expr2/108550000000 100000004 160446 6600 1.538 0.066
gcc_expr2/151400000000 100000002 47113 3315 0.438 0.033
gcc_expr2/170300000000 100000000 562638 36940 5.257 0.369
gcc_expr2/41300000000 100000000 25358 63 0.253 0.001
gcc_expr2/66600000000 100000001 31320 872 0.304 0.009
gcc_expr2/6950000000 100000001 134402 2183 1.322 0.022
gcc_expr2/74550000000 100000003 317112 34 3.171 0.000
gcc_g23/117300000000 100000002 27064 793 0.263 0.008
gcc_g23/124400000000 100000000 247321 25 2.473 0.000
gcc_g23/152550000000 100000003 328354 2898 3.255 0.029
gcc_g23/185550000000 100000003 32369 1829 0.305 0.018
gcc_g23/200300000000 100000000 10069 556 0.095 0.006
gcc_g23/213400000000 100000003 592696 32770 5.599 0.328
gcc_g23/2200000000 100000003 137215 27219 1.100 0.272
gcc_g23/59400000000 100000000 268853 12509 2.563 0.125
gcc_g23/69700000000 100000000 27342 66 0.273 0.001
gcc_s04/103000000000 100000005 178586 23 1.786 0.000
gcc_s04/127200000000 100000004 98957 894 0.981 0.009
gcc_s04/1300000000 100000001 519158 21938 4.972 0.219
gcc_s04/144150000000 100000000 33131 1776 0.314 0.018
gcc_s04/19700000000 100000004 16026 51 0.160 0.001
gcc_s04/34700000000 100000001 15679 56 0.156 0.001
gcc_s04/68650000000 100000001 24950 646 0.243 0.006
gcc_scilab/24050000000 100000000 374134 35961 3.382 0.360
gcc_scilab/44650000000 100000003 563218 28605 5.346 0.286
gcc_scilab/46400000000 100000003 395762 29869 3.659 0.299
gcc_scilab/52200000000 50000002 452488 37401 8.302 0.748
gcc_scilab/54350000000 100000005 754142 60533 6.936 0.605
gcc_scilab/62500000000 0 0 0 0 0
gcc_scilab/64300000000 100000005 534360 35583 4.988 0.356
gcc_typeck/101050000000 100000003 54178 3162 0.510 0.032
gcc_typeck/135550000000 100000005 19765 1200 0.186 0.012
gcc_typeck/151200000000 100000003 452543 37325 4.152 0.373
gcc_typeck/34700000000 100000002 76070 1 0.761 0.000
gcc_typeck/43500000000 100000001 24496 56 0.244 0.001
gcc_typeck/66050000000 100000001 31035 709 0.303 0.007
gcc_typeck/7450000000 100000004 186677 5676 1.810 0.057
gcc_typeck/90650000000 100000003 117411 1550 1.159 0.015
GemsFDTD/1012950000000 100000003 3053 0 0.031 0.000
GemsFDTD/1045150000000 100000000 13463 1 0.135 0.000
GemsFDTD/1389900000000 100000003 11187 0 0.112 0.000
GemsFDTD/1443300000000 100000002 785 0 0.008 0.000
GemsFDTD/183800000000 100000001 4466 0 0.045 0.000
GemsFDTD/18550000000 100000001 3284 0 0.033 0.000
GemsFDTD/277100000000 100000003 5808 0 0.058 0.000
GemsFDTD/29600000000 100000005 1996 0 0.020 0.000
GemsFDTD/43850000000 100000003 7670 0 0.077 0.000
GemsFDTD/665500000000 100000001 10840 0 0.108 0.000
GemsFDTD/704750000000 100000000 5239 1 0.052 0.000
GemsFDTD/990900000000 100000002 12255 1 0.123 0.000
gobmk_13x13/132950000000 100000003 1610705 2188 16.085 0.022
gobmk_13x13/14700000000 100000001 1489467 255 14.892 0.003
gobmk_13x13/204650000000 100000000 1457673 2207 14.555 0.022
gobmk_13x13/214250000000 100000005 1229950 0 12.299 0.000
gobmk_13x13/24900000000 100000005 1153004 0 11.530 0.000
gobmk_13x13/36150000000 100000001 1463666 2724 14.609 0.027
gobmk_13x13/48150000000 100000002 1651318 100 16.512 0.001
gobmk_13x13/7900000000 100000000 1564442 888 15.636 0.009
gobmk_13x13/96400000000 100000005 1741924 1221 17.407 0.012
gobmk_nngs/105950000000 100000001 1482811 1279 14.815 0.013
gobmk_nngs/151350000000 100000000 1585114 726 15.844 0.007
gobmk_nngs/363000000000 100000001 1424442 919 14.235 0.009
gobmk_nngs/405450000000 100000003 1318525 0 13.185 0.000
gobmk_nngs/481800000000 100000000 1457277 470 14.568 0.005
gobmk_nngs/598750000000 100000004 1555259 575 15.547 0.006
gobmk_nngs/61600000000 100000002 1382574 5 13.826 0.000
gobmk_nngs/683350000000 100000004 1192107 0 11.921 0.000
gobmk_score2/136800000000 100000005 1483970 266 14.837 0.003
gobmk_score2/16350000000 100000004 1052780 2223 10.506 0.022
gobmk_score2/187100000000 100000001 924304 0 9.243 0.000
gobmk_score2/19900000000 100000003 1232050 1404 12.306 0.014
gobmk_score2/205800000000 100000001 1352664 1402 13.513 0.014
gobmk_score2/210050000000 100000004 808818 2633 8.062 0.026
gobmk_score2/243600000000 100000000 1543806 1 15.438 0.000
gobmk_score2/245200000000 100000001 1452128 1516 14.506 0.015
gobmk_score2/262550000000 100000000 1609912 311 16.096 0.003
gobmk_score2/272900000000 100000004 1326279 21 13.263 0.000
gobmk_score2/58300000000 100000003 1149443 1225 11.482 0.012
gobmk_score2/98750000000 100000001 1295717 1865 12.939 0.019
gobmk_trevorc/145200000000 100000004 1647216 2 16.472 0.000
gobmk_trevorc/149650000000 100000003 1540487 1370 15.391 0.014
gobmk_trevorc/149700000000 100000001 1499864 1729 14.981 0.017
gobmk_trevorc/231300000000 100000004 1650131 554 16.496 0.006
gobmk_trevorc/246200000000 100000001 1512675 1 15.127 0.000
gobmk_trevorc/26100000000 100000000 1397723 1 13.977 0.000
gobmk_trevorc/29250000000 100000001 1479408 0 14.794 0.000
gobmk_trevorc/44100000000 100000000 1526275 217 15.261 0.002
gobmk_trevorc/78500000000 100000002 1498647 53 14.986 0.001
gobmk_trevord/104650000000 100000003 1486515 179 14.863 0.002
gobmk_trevord/159150000000 100000004 1377052 0 13.771 0.000
gobmk_trevord/216550000000 100000002 1751740 1410 17.503 0.014
gobmk_trevord/279450000000 100000000 1316987 1352 13.156 0.014
gobmk_trevord/342400000000 100000001 1363381 0 13.634 0.000
gobmk_trevord/360700000000 100000000 1465736 1206 14.645 0.012
gobmk_trevord/361250000000 100000000 1619058 840 16.182 0.008
gobmk_trevord/53350000000 100000000 1076061 51 10.760 0.001
gobmk_trevord/57400000000 100000000 1109200 105 11.091 0.001
gromacs/1187200000000 100000000 14520 5 0.145 0.000
gromacs/1283150000000 100000004 18463 6 0.185 0.000
gromacs/1334300000000 100000001 11657 0 0.117 0.000
gromacs/1467550000000 100000001 673071 7 6.731 0.000
gromacs/1475350000000 100000001 14321 6 0.143 0.000
gromacs/1501650000000 100000000 756495 6 7.565 0.000
gromacs/1572850000000 100000000 23287 13 0.233 0.000
gromacs/1584200000000 100000000 23315 12 0.233 0.000
gromacs/245900000000 100000005 649226 1 6.492 0.000
gromacs/295650000000 100000001 446915 6 4.469 0.000
gromacs/738000000000 100000001 23111 12 0.231 0.000
h264ref_foreman/104800000000 100000000 139709 329 1.394 0.003
h264ref_foreman/175700000000 100000003 109460 237 1.092 0.002
h264ref_foreman/18850000000 100000004 111113 259 1.109 0.003
h264ref_foreman/298100000000 100000004 136273 241 1.360 0.002
h264ref_foreman/298250000000 100000003 113334 298 1.130 0.003
h264ref_foreman/401300000000 100000003 123091 240 1.229 0.002
h264ref_foreman/414650000000 100000001 200018 121 1.999 0.001
h264ref_foreman/76200000000 100000005 86791 186 0.866 0.002
h264ref_foreman/97500000000 100000000 143624 305 1.433 0.003
h264ref_sss/105050000000 100000004 100473 124 1.003 0.001
h264ref_sss/2457950000000 100000002 73808 182 0.736 0.002
h264ref_sss/2534300000000 100000000 66203 176 0.660 0.002
h264ref_sss/3709150000000 100000004 71777 189 0.716 0.002
h264ref_sss/3807750000000 100000003 76691 199 0.765 0.002
h264ref_sss/386500000000 100000003 101980 325 1.017 0.003
hmmer_nph3/163100000000 100000002 1358122 124 13.580 0.001
hmmer_nph3/303600000000 100000004 1413940 75 14.139 0.001
hmmer_nph3/317500000000 100000005 1324357 109 13.242 0.001
hmmer_nph3/370750000000 100000000 1391488 64 13.914 0.001
hmmer_nph3/374800000000 100000004 1409567 70 14.095 0.001
hmmer_nph3/425000000000 100000001 1374907 64 13.748 0.001
hmmer_nph3/889450000000 100000001 1322218 178 13.220 0.002
hmmer_nph3/941850000000 100000002 1343117 110 13.430 0.001
hmmer_retro/1175500000000 100000004 1433880 0 14.339 0.000
hmmer_retro/1367550000000 100000004 1436155 0 14.362 0.000
hmmer_retro/1637900000000 100000000 1436615 0 14.366 0.000
hmmer_retro/1785550000000 100000005 1431075 0 14.311 0.000
hmmer_retro/1791800000000 100000004 1450219 0 14.502 0.000
hmmer_retro/1896650000000 100000002 1433711 0 14.337 0.000
hmmer_retro/1919950000000 100000000 1453165 0 14.532 0.000
hmmer_retro/431550000000 100000001 1433187 0 14.332 0.000
hmmer_retro/451850000000 100000002 1448587 0 14.486 0.000
hmmer_retro/538150000000 100000005 1448665 0 14.487 0.000
hmmer_retro/588300000000 100000002 1439538 0 14.395 0.000
hmmer_retro/778750000000 100000002 1440419 0 14.404 0.000
hmmer_retro/939650000000 100000003 1437265 0 14.373 0.000
lbm/16950000000 100000005 3799 0 0.038 0.000
lbm/43700000000 100000003 5632 0 0.056 0.000
lbm/647950000000 100000000 5630 0 0.056 0.000
lbm/751550000000 100000000 4820 0 0.048 0.000
leslie3d/1263700000000 100000001 4159 0 0.042 0.000
leslie3d/1431350000000 100000000 5543 0 0.055 0.000
leslie3d/1490900000000 100000000 5077 0 0.051 0.000
leslie3d/149850000000 100000000 3766 0 0.038 0.000
leslie3d/1573400000000 100000002 4591 0 0.046 0.000
leslie3d/1658950000000 100000001 5574 16 0.056 0.000
leslie3d/1783300000000 100000003 5401 0 0.054 0.000
leslie3d/1785050000000 100000000 5985 0 0.060 0.000
leslie3d/179100000000 100000000 6400 1 0.064 0.000
leslie3d/1831150000000 100000000 6246 16 0.062 0.000
leslie3d/278700000000 100000005 6483 0 0.065 0.000
leslie3d/4000000000 100000001 6826 1 0.068 0.000
leslie3d/635550000000 100000001 6333 0 0.063 0.000
leslie3d/786550000000 100000001 4285 0 0.043 0.000
leslie3d/851000000000 100000003 5081 0 0.051 0.000
leslie3d/957100000000 100000001 5863 0 0.059 0.000
libquantum/1088950000000 100000001 421 0 0.004 0.000
libquantum/1151350000000 100000002 167 0 0.002 0.000
libquantum/128700000000 100000000 80 0 0.001 0.000
libquantum/207950000000 100000000 124 0 0.001 0.000
libquantum/237350000000 100000004 283 0 0.003 0.000
libquantum/594600000000 100000004 59 0 0.001 0.000
libquantum/601050000000 100000002 11737 0 0.117 0.000
libquantum/631700000000 100000000 5697 0 0.057 0.000
libquantum/662850000000 100000002 14184 0 0.142 0.000
libquantum/894300000000 100000004 1019 0 0.010 0.000
libquantum/976050000000 100000000 597 0 0.006 0.000
libquantum/987350000000 100000001 517 0 0.005 0.000
mcf/103100000000 100000000 620960 0 6.210 0.000
mcf/106600000000 100000004 618445 0 6.184 0.000
mcf/114200000000 100000005 2280989 0 22.810 0.000
mcf/147600000000 100000002 2176026 0 21.760 0.000
mcf/154550000000 100000004 2499255 0 24.993 0.000
mcf/15850000000 100000000 1335930 0 13.359 0.000
mcf/225300000000 100000001 680744 0 6.807 0.000
mcf/234550000000 100000000 1874775 0 18.748 0.000
mcf/249900000000 100000004 3637834 0 36.378 0.000
mcf/59450000000 100000002 1275656 0 12.757 0.000
mcf/68900000000 100000000 961908 0 9.619 0.000
milc/203700000000 100000001 246 0 0.002 0.000
milc/229050000000 100000002 234 0 0.002 0.000
milc/3500000000 100000001 10730 0 0.107 0.000
milc/47650000000 100000002 14061 3 0.141 0.000
milc/588150000000 100000001 486 0 0.005 0.000
milc/65100000000 100000003 38668 3 0.387 0.000
milc/663950000000 100000001 422 0 0.004 0.000
milc/69900000000 100000004 75087 26 0.751 0.000
milc/815200000000 100000000 565 0 0.006 0.000
milc/846650000000 100000000 432 0 0.004 0.000
milc/847950000000 100000005 541 0 0.005 0.000
milc/849250000000 100000004 522 0 0.005 0.000
milc/89950000000 100000000 65618 26 0.656 0.000
namd/1060850000000 100000000 232548 1 2.325 0.000
namd/12900000000 100000002 192540 1 1.925 0.000
namd/1472850000000 100000001 141488 1 1.415 0.000
namd/1492350000000 100000004 245487 1 2.455 0.000
namd/1620150000000 100000001 208316 1 2.083 0.000
namd/1699800000000 100000000 263345 1 2.633 0.000
namd/284900000000 100000005 209911 1 2.099 0.000
namd/382300000000 100000003 115824 1 1.158 0.000
namd/437000000000 100000005 163699 1 1.637 0.000
namd/652500000000 100000002 167176 1 1.672 0.000
namd/73500000000 100000005 210631 1 2.106 0.000
namd/905850000000 100000001 223399 1 2.234 0.000
namd/972400000000 100000000 252306 1 2.523 0.000
omnetpp/172700000000 100000003 571280 21307 5.500 0.213
omnetpp/187400000000 100000001 534354 20037 5.143 0.200
perlbench_checkspam/1054350000000 100000000 207402 4768 2.026 0.048
perlbench_checkspam/1118800000000 100000002 389814 44429 3.454 0.444
perlbench_checkspam/12750000000 100000003 361232 38748 3.225 0.387
perlbench_checkspam/307550000000 100000003 381796 43627 3.382 0.436
perlbench_checkspam/671450000000 100000003 344503 35605 3.089 0.356
perlbench_checkspam/697850000000 100000001 324064 29777 2.943 0.298
perlbench_checkspam/880050000000 100000000 382619 40654 3.420 0.407
perlbench_checkspam/8850000000 100000000 342928 29454 3.135 0.295
perlbench_checkspam/959450000000 100000000 176469 4322 1.721 0.043
perlbench_diffmail/121650000000 100000002 80660 5965 0.747 0.060
perlbench_diffmail/30400000000 100000000 80058 5695 0.744 0.057
perlbench_splitmail/19200000000 100000002 186120 29967 1.562 0.300
perlbench_splitmail/332250000000 100000000 83458 4198 0.793 0.042
perlbench_splitmail/432700000000 100000000 109190 4806 1.044 0.048
perlbench_splitmail/60750000000 100000002 222327 14657 2.077 0.147
perlbench_splitmail/666250000000 100000004 83620 4225 0.794 0.042
perlbench_splitmail/68200000000 100000000 213765 11589 2.022 0.116
povray/1097950000000 100000000 122774 752 1.220 0.008
povray/228100000000 100000001 220129 4029 2.161 0.040
povray/313300000000 100000001 238410 5108 2.333 0.051
povray/43800000000 100000000 86618 1629 0.850 0.016
povray/438000000000 100000004 210419 3803 2.066 0.038
povray/463900000000 100000000 225859 4406 2.215 0.044
povray/480550000000 100000003 214962 3303 2.117 0.033
povray/510950000000 100000003 192176 2614 1.896 0.026
povray/564500000000 100000002 241993 5387 2.366 0.054
povray/675400000000 100000002 238010 4089 2.339 0.041
povray/776700000000 100000001 157829 924 1.569 0.009
povray/80100000000 100000004 257290 5872 2.514 0.059
povray/845850000000 100000003 153022 1981 1.510 0.020
povray/911000000000 100000000 137788 624 1.372 0.006
sjeng/1211050000000 100000005 759627 7685 7.519 0.077
sjeng/1439300000000 100000002 696046 15585 6.805 0.156
sjeng/1833350000000 100000000 803721 21263 7.825 0.213
sjeng/22000000000 100000001 850268 15208 8.351 0.152
sjeng/2746950000000 100000000 735825 15957 7.199 0.160
sjeng/473050000000 100000001 759082 10811 7.483 0.108
sjeng/495500000000 100000004 796139 14236 7.819 0.142
sjeng/92850000000 100000000 711369 8775 7.026 0.088
soplex_pds/106350000000 100000000 1474826 53 14.748 0.001
soplex_pds/146850000000 100000001 870153 44 8.701 0.000
soplex_pds/166900000000 100000005 922067 39 9.220 0.000
soplex_pds/169750000000 100000000 889010 39 8.890 0.000
soplex_pds/175450000000 100000000 909892 53 9.098 0.001
soplex_pds/181700000000 100000002 940627 45 9.406 0.000
soplex_pds/189950000000 100000004 989440 46 9.894 0.000
soplex_pds/275100000000 100000005 901713 39 9.017 0.000
soplex_pds/340950000000 100000002 1007497 30 10.075 0.000
soplex_pds/361500000000 100000001 975652 39 9.756 0.000
soplex_pds/56600000000 100000001 1318027 48 13.180 0.000
soplex_pds/66800000000 100000004 1352735 45 13.527 0.000
soplex_ref/129250000000 100000000 309707 24 3.097 0.000
soplex_ref/131850000000 100000000 336546 27 3.365 0.000
soplex_ref/133700000000 100000003 397354 11 3.973 0.000
soplex_ref/150800000000 100000000 415099 11 4.151 0.000
soplex_ref/152600000000 100000000 444166 10 4.442 0.000
soplex_ref/160950000000 100000004 538373 33 5.383 0.000
soplex_ref/164800000000 100000001 270484 22 2.705 0.000
soplex_ref/235500000000 100000003 222730 12 2.227 0.000
soplex_ref/239450000000 100000001 337962 15 3.379 0.000
soplex_ref/319350000000 100000005 393158 10 3.931 0.000
soplex_ref/3200000000 100000005 155020 44 1.550 0.000
soplex_ref/334000000000 100000004 469861 11 4.698 0.000
soplex_ref/346850000000 100000000 188831 12 1.888 0.000
sphinx3/1646800000000 100000001 225884 8 2.259 0.000
sphinx3/179750000000 100000002 225937 4 2.259 0.000
sphinx3/1800250000000 100000001 224890 10 2.249 0.000
sphinx3/1843050000000 100000003 207589 11 2.076 0.000
sphinx3/2109400000000 100000000 226900 11 2.269 0.000
sphinx3/2544400000000 100000003 224352 10 2.243 0.000
sphinx3/2751350000000 100000003 196575 9 1.966 0.000
sphinx3/2838700000000 100000002 178444 11 1.784 0.000
sphinx3/3102350000000 100000001 187430 12 1.874 0.000
sphinx3/3453800000000 100000001 196502 12 1.965 0.000
sphinx3/401200000000 100000003 335921 11 3.359 0.000
sphinx3/435700000000 100000004 295214 12 2.952 0.000
tonto/1154550000000 100000000 38893 76 0.388 0.001
tonto/1163150000000 100000000 45350 97 0.453 0.001
tonto/1185650000000 100000005 171309 5 1.713 0.000
tonto/1490700000000 100000004 129230 36 1.292 0.000
tonto/1516450000000 100000002 65300 504 0.648 0.005
tonto/1834850000000 100000002 92364 243 0.921 0.002
tonto/1911850000000 100000004 65669 522 0.651 0.005
tonto/250600000000 100000000 91012 62 0.910 0.001
tonto/335900000000 100000002 41369 73 0.413 0.001
tonto/742600000000 100000001 52392 291 0.521 0.003
xalancbmk/174600000000 100000000 171574 866 1.707 0.009
xalancbmk/524100000000 100000003 189324 3003 1.863 0.030
xalancbmk/555100000000 100000003 122791 1305 1.215 0.013
xalancbmk/576250000000 100000002 185320 2196 1.831 0.022
xalancbmk/631200000000 100000004 170335 1742 1.686 0.017
xalancbmk/70000000000 100000005 108880 903 1.080 0.009
xalancbmk/768600000000 100000002 208878 2598 2.063 0.026
xalancbmk/844250000000 100000001 184224 2402 1.818 0.024
xalancbmk/846050000000 100000005 201395 2342 1.991 0.023
xalancbmk/875700000000 100000005 170407 1713 1.687 0.017
xalancbmk/9300000000 100000001 176782 3541 1.732 0.035
xalancbmk/933450000000 100000005 157660 1314 1.563 0.013
zeusmp/1029900000000 100000001 3778 0 0.038 0.000
zeusmp/1309050000000 100000002 417 0 0.004 0.000
zeusmp/1378100000000 100000001 5132 0 0.051 0.000
zeusmp/1384950000000 100000001 4444 0 0.044 0.000
zeusmp/145800000000 100000002 5147 0 0.051 0.000
zeusmp/147700000000 100000002 325 0 0.003 0.000
zeusmp/160250000000 100000003 4298 0 0.043 0.000
zeusmp/198150000000 100000003 7265 0 0.073 0.000
zeusmp/385450000000 100000004 5306 0 0.053 0.000
zeusmp/528350000000 100000001 2471 0 0.025 0.000
zeusmp/553350000000 100000001 492 0 0.005 0.000
zeusmp/699850000000 100000004 2253 0 0.023 0.000
zeusmp/743350000000 100000004 4865 0 0.049 0.000
zeusmp/99650000000 100000005 2766 0 0.028 0.000
