231
astar_biglakes/181850000000 100000006 289494 13358367 2.895 2.167
astar_biglakes/363300000000 100000003 3477781 18962087 34.778 18.341
astar_biglakes/98500000000 100000003 151840 13366871 1.518 1.136
astar_rivers/185000000000 100000001 344706 13423802 3.447 2.568
astar_rivers/224350000000 100000003 337518 13402633 3.375 2.518
astar_rivers/287000000000 100000006 362630 13364598 3.626 2.713
astar_rivers/47650000000 100000001 4848580 19722049 48.486 24.585
astar_rivers/49500000000 100000000 4920403 19717382 49.204 24.955
bwaves/1437800000000 100000001 121 6238082 0.001 0.002
bzip2_chicken/178950000000 100000005 1444485 16374921 14.445 8.821
bzip2_chicken/54250000000 100000005 8072 10368840 0.081 0.078
bzip2_chicken/56100000000 100000001 382726 19724570 3.827 1.940
bzip2_combined/183900000000 100000007 1876347 13339466 18.763 14.066
bzip2_combined/196200000000 100000003 1127967 12123072 11.280 9.304
bzip2_combined/251450000000 100000004 1298931 15598029 12.989 8.328
bzip2_combined/282850000000 100000006 64851 11234759 0.649 0.577
bzip2_html/241000000000 100000000 955494 12090332 9.555 7.903
bzip2_html/428600000000 100000001 31486 12478070 0.315 0.252
bzip2_html/858350000000 100000007 1046414 12074374 10.464 8.666
bzip2_liberty/106600000000 100000002 1478 12499908 0.015 0.012
bzip2_liberty/145750000000 100000000 784895 16986060 7.849 4.621
bzip2_program/169500000000 100000001 927126 14673172 9.271 6.319
bzip2_program/298550000000 100000006 1764353 13697506 17.644 12.881
bzip2_program/332900000000 100000000 522341 10787351 5.223 4.842
bzip2_program/339450000000 100000000 1069987 15042685 10.700 7.113
bzip2_program/392450000000 100000000 857111 15313067 8.571 5.597
bzip2_program/577000000000 100000001 646316 19678441 6.463 3.284
bzip2_program/60550000000 100000000 120766 12606845 1.208 0.958
bzip2_source/139400000000 100000007 2194990 15160234 21.950 14.479
bzip2_source/140700000000 100000002 803625 11233975 8.036 7.154
bzip2_source/193500000000 100000005 1688300 13292895 16.883 12.701
bzip2_source/228500000000 100000001 1387362 12271993 13.874 11.305
bzip2_source/252200000000 100000002 298511 8218087 2.985 3.632
bzip2_source/294950000000 100000005 1150211 12778981 11.502 9.001
cactusADM/5200000000 100000005 479 148167 0.005 0.323
calculix/1820300000000 100000004 218077 8065915 2.181 2.704
calculix/4666800000000 100000004 9054 8065989 0.091 0.112
dealII/142500000000 100000004 16425 10105806 0.164 0.163
dealII/15050000000 100000006 310330 11072477 3.103 2.803
dealII/408750000000 100000000 88130 12315689 0.881 0.716
dealII/875450000000 100000000 182516 7991879 1.825 2.284
gamess_cytosine/170700000000 100000002 118495 7705939 1.185 1.538
gamess_cytosine/19850000000 100000004 104508 7365503 1.045 1.419
gamess_cytosine/262600000000 100000003 105149 8315561 1.051 1.264
gamess_cytosine/289000000000 100000007 31549 7374154 0.315 0.428
gamess_cytosine/32800000000 100000007 115617 7972657 1.156 1.450
gamess_cytosine/350450000000 100000007 66267 7592755 0.663 0.873
gamess_gradient/1319250000000 100000001 46776 7215150 0.468 0.648
gamess_gradient/1367200000000 100000005 60955 6958381 0.610 0.876
gamess_gradient/173150000000 100000006 55679 6819130 0.557 0.817
gamess_gradient/66350000000 100000000 39784 5884129 0.398 0.676
gamess_gradient/874900000000 100000007 28597 4594394 0.286 0.622
gamess_gradient/971600000000 100000000 49072 6925144 0.491 0.709
gamess_triazolium/24100000000 100000003 27514 5946548 0.275 0.463
gamess_triazolium/36600000000 100000007 23142 5945980 0.231 0.389
gamess_triazolium/48350000000 100000004 15837 5791618 0.158 0.273
gamess_triazolium/58350000000 100000004 42948 5024273 0.429 0.855
gamess_triazolium/64150000000 100000006 41183 5722436 0.412 0.720
gamess_triazolium/78850000000 100000006 34548 5434741 0.345 0.636
gamess_triazolium/97800000000 100000003 26941 5771612 0.269 0.467
gcc_166/44600000000 100000002 531878 20301811 5.319 2.620
gcc_166/51650000000 100000003 40757 25384830 0.408 0.161
gcc_166/58700000000 100000001 43590 23735487 0.436 0.184
gcc_166/69650000000 100000004 542289 21707136 5.423 2.498
gcc_200/102700000000 100000002 1102545 19754549 11.025 5.581
gcc_200/105250000000 100000004 1119622 20173665 11.196 5.550
gcc_200/40600000000 100000007 64469 25251782 0.645 0.255
gcc_200/45750000000 100000000 580371 20860772 5.804 2.782
gcc_cpdecl/113200000000 100000006 890321 19535251 8.903 4.558
gcc_cpdecl/39050000000 100000003 28029 23921850 0.280 0.117
gcc_cpdecl/44550000000 100000002 1074782 21878440 10.748 4.913
gcc_expr/200000000 0 0 0 0 0
gcc_expr/28800000000 100000002 28876 25410606 0.289 0.114
gcc_expr/50350000000 100000000 23523 24018503 0.235 0.098
gcc_expr2/170300000000 100000004 908364 19578617 9.084 4.640
gcc_expr2/41300000000 100000002 29920 25467188 0.299 0.117
gcc_expr2/66600000000 100000003 29457 24044169 0.295 0.123
gcc_g23/117300000000 100000002 22440 24070768 0.224 0.093
gcc_g23/185550000000 100000003 34776 30103946 0.348 0.116
gcc_g23/2200000000 100000007 181317 13368061 1.813 1.356
gcc_g23/69700000000 100000000 35453 25368656 0.355 0.140
gcc_s04/127200000000 100000002 181550 22467900 1.815 0.808
gcc_s04/1300000000 100000000 877996 19893132 8.780 4.414
gcc_s04/34700000000 100000001 18857 25437502 0.189 0.074
gcc_s04/68650000000 100000001 22248 24040645 0.222 0.093
gcc_scilab/46400000000 100000007 723916 19956998 7.239 3.627
gcc_scilab/54350000000 100000006 1200977 19874179 12.010 6.043
gcc_scilab/62500000000 100000007 1111341 19927806 11.113 5.577
gcc_typeck/151200000000 100000003 810898 18934926 8.109 4.283
gcc_typeck/43500000000 100000001 28323 25467076 0.283 0.111
gcc_typeck/66050000000 100000000 25805 23953309 0.258 0.108
GemsFDTD/1389900000000 100000001 40 2288284 0.000 0.002
GemsFDTD/665500000000 100000005 183 2295946 0.002 0.008
GemsFDTD/990900000000 100000000 19359 8508466 0.194 0.228
gobmk_13x13/132950000000 100000007 1753318 16640123 17.533 10.537
gobmk_13x13/36150000000 100000006 1626345 17268240 16.263 9.418
gobmk_13x13/48150000000 100000000 1738585 15547109 17.386 11.183
gobmk_13x13/7900000000 100000000 1807662 16340263 18.077 11.063
gobmk_13x13/96400000000 100000007 1927898 16029107 19.279 12.027
gobmk_nngs/363000000000 100000000 1582778 16571896 15.828 9.551
gobmk_nngs/598750000000 100000004 1730947 15945761 17.309 10.855
gobmk_nngs/61600000000 100000006 1365409 15773016 13.654 8.657
gobmk_nngs/683350000000 100000000 1120157 15010466 11.202 7.463
gobmk_score2/16350000000 100000000 1276638 20777648 12.766 6.144
gobmk_score2/210050000000 100000001 997884 21759005 9.979 4.586
gobmk_score2/243600000000 100000004 1658688 16002464 16.587 10.365
gobmk_score2/245200000000 100000003 1695493 16457452 16.955 10.302
gobmk_score2/262550000000 100000000 1626527 15438610 16.265 10.535
gobmk_score2/272900000000 100000003 1606831 16891298 16.068 9.513
gobmk_score2/98750000000 100000006 1568871 16883168 15.689 9.293
gobmk_trevorc/145200000000 100000006 1605118 15474109 16.051 10.373
gobmk_trevorc/149700000000 100000004 1699705 17145108 16.997 9.914
gobmk_trevorc/231300000000 100000001 1811331 16111522 18.113 11.242
gobmk_trevorc/26100000000 100000004 1322874 15291128 13.229 8.651
gobmk_trevorc/44100000000 100000000 1649032 16316283 16.490 10.107
gobmk_trevord/104650000000 100000003 1636905 15960857 16.369 10.256
gobmk_trevord/279450000000 100000002 1536916 17168596 15.369 8.952
gobmk_trevord/361250000000 100000000 1836916 16020805 18.369 11.466
gobmk_trevord/53350000000 100000000 1073322 15107850 10.733 7.104
gobmk_trevord/57400000000 100000000 1081862 15118486 10.819 7.156
gromacs/1283150000000 100000004 32884 1181041 0.329 2.784
gromacs/1334300000000 100000001 25576 312352 0.256 8.188
gromacs/1584200000000 100000000 38758 1670297 0.388 2.320
gromacs/245900000000 100000004 857123 8161034 8.571 10.503
h264ref_foreman/104800000000 100000000 278421 8404953 2.784 3.313
h264ref_foreman/298100000000 100000005 279937 7729695 2.799 3.622
h264ref_foreman/401300000000 100000004 241609 7804473 2.416 3.096
h264ref_foreman/76200000000 100000007 203789 7638964 2.038 2.668
h264ref_sss/2534300000000 100000002 168825 7411241 1.688 2.278
h264ref_sss/3709150000000 100000002 162368 7505863 1.624 2.163
h264ref_sss/3807750000000 100000005 208532 7657858 2.085 2.723
hmmer_nph3/163100000000 100000000 1608732 16392929 16.087 9.814
hmmer_nph3/303600000000 100000004 1663829 16388163 16.638 10.153
hmmer_nph3/317500000000 100000001 1585703 16397680 15.857 9.670
hmmer_nph3/370750000000 100000004 1637280 16386847 16.373 9.991
hmmer_nph3/941850000000 100000003 1597452 16399267 15.975 9.741
hmmer_retro/1175500000000 100000004 1663356 16521590 16.634 10.068
hmmer_retro/1367550000000 100000004 1677085 16522051 16.771 10.151
hmmer_retro/1637900000000 100000000 1666215 16531374 16.662 10.079
hmmer_retro/1791800000000 100000005 1670062 16525134 16.701 10.106
hmmer_retro/1919950000000 100000002 1682508 16520974 16.825 10.184
hmmer_retro/431550000000 100000002 1663096 16522804 16.631 10.065
hmmer_retro/588300000000 100000004 1660046 16528642 16.600 10.043
lbm/751550000000 100000006 6938 1095063 0.069 0.634
leslie3d/1431350000000 100000004 2194 6020212 0.022 0.036
leslie3d/149850000000 100000000 2691 5625694 0.027 0.048
leslie3d/1658950000000 100000007 3340 6569513 0.033 0.051
leslie3d/1783300000000 100000003 1457 5835273 0.015 0.025
leslie3d/179100000000 100000000 2773 7138940 0.028 0.039
leslie3d/1831150000000 100000005 3114 6968676 0.031 0.045
leslie3d/278700000000 100000001 3770 6816065 0.038 0.055
leslie3d/957100000000 100000001 1353 5831691 0.014 0.023
libquantum/1151350000000 100000004 310 32454990 0.003 0.001
libquantum/128700000000 100000000 127 31336907 0.001 0.000
libquantum/207950000000 100000000 203 36796608 0.002 0.001
libquantum/601050000000 100000002 128536 31478468 1.285 0.408
libquantum/894300000000 100000004 48359 34963758 0.484 0.138
libquantum/987350000000 100000001 55522 38550569 0.555 0.144
mcf/114200000000 100000007 2862504 26142460 28.625 10.950
mcf/15850000000 100000002 1313357 14413640 13.134 9.112
mcf/234550000000 100000000 2500396 26917902 25.004 9.289
mcf/249900000000 100000006 3190499 33907098 31.905 9.410
mcf/59450000000 100000002 1770788 28046022 17.708 6.314
milc/203700000000 100000001 12660 4639129 0.127 0.273
milc/588150000000 100000002 170 8530397 0.002 0.002
milc/65100000000 100000000 128653 6948091 1.287 1.852
milc/815200000000 100000002 97 9085858 0.001 0.001
milc/847950000000 100000001 232 8356727 0.002 0.003
milc/849250000000 100000001 2562 9043903 0.026 0.028
namd/1060850000000 100000002 305735 6468534 3.057 4.726
namd/12900000000 100000006 252925 5596417 2.529 4.519
namd/1472850000000 100000001 206944 4116753 2.069 5.027
namd/284900000000 100000001 299182 7100655 2.992 4.213
namd/382300000000 100000003 167441 3249689 1.674 5.153
namd/437000000000 100000003 232774 4542807 2.328 5.124
namd/905850000000 100000004 304176 7220919 3.042 4.212
omnetpp/172700000000 100000004 766125 24181892 7.661 3.168
perlbench_checkspam/307550000000 100000005 518178 18569047 5.182 2.791
perlbench_checkspam/697850000000 100000005 391006 19035370 3.910 2.054
perlbench_checkspam/880050000000 100000004 527954 18653481 5.280 2.830
perlbench_checkspam/8850000000 100000001 550661 19125366 5.507 2.879
perlbench_checkspam/959450000000 100000000 409663 19628852 4.097 2.087
perlbench_diffmail/30400000000 100000000 98504 17556780 0.985 0.561
perlbench_splitmail/332250000000 100000007 192383 19500030 1.924 0.987
perlbench_splitmail/432700000000 100000004 447515 22065911 4.475 2.028
povray/228100000000 100000002 625590 14577360 6.256 4.292
povray/43800000000 100000003 115293 15288130 1.153 0.754
povray/438000000000 100000006 343040 14494094 3.430 2.367
povray/564500000000 100000002 855716 14111897 8.557 6.064
povray/675400000000 100000003 554314 14422531 5.543 3.843
povray/776700000000 100000003 342959 14274278 3.430 2.403
povray/845850000000 100000001 375194 14526158 3.752 2.583
sjeng/1439300000000 100000004 752704 18203728 7.527 4.135
sjeng/2746950000000 100000000 781650 17786483 7.817 4.395
sjeng/473050000000 100000003 832841 18451956 8.328 4.514
sjeng/495500000000 100000004 861382 18291787 8.614 4.709
soplex_pds/106350000000 100000004 1787610 16502483 17.876 10.832
soplex_pds/146850000000 100000001 1128863 16246656 11.289 6.948
soplex_pds/169750000000 100000003 1165959 16155226 11.660 7.217
soplex_pds/181700000000 100000004 1240569 16121131 12.406 7.695
soplex_pds/361500000000 100000007 1272830 15628695 12.728 8.144
soplex_pds/56600000000 100000003 1671268 17790795 16.713 9.394
soplex_ref/131850000000 100000002 428680 15018408 4.287 2.854
soplex_ref/150800000000 100000000 511071 13747756 5.111 3.717
soplex_ref/160950000000 100000002 684393 15201018 6.844 4.502
soplex_ref/164800000000 100000001 339109 14572723 3.391 2.327
soplex_ref/235500000000 100000005 276338 14084223 2.763 1.962
soplex_ref/319350000000 100000006 473859 13662572 4.739 3.468
soplex_ref/334000000000 100000006 578673 13693826 5.787 4.226
sphinx3/1800250000000 100000003 304904 9713242 3.049 3.139
sphinx3/1843050000000 100000007 285292 9699373 2.853 2.941
sphinx3/2109400000000 100000000 306304 9673969 3.063 3.166
sphinx3/2544400000000 100000003 303251 9658840 3.033 3.140
sphinx3/3102350000000 100000005 242337 9400981 2.423 2.578
sphinx3/3453800000000 100000002 266171 9500553 2.662 2.802
sphinx3/435700000000 100000006 396320 10232393 3.963 3.873
tonto/1516450000000 100000004 76344 7984081 0.763 0.956
tonto/1834850000000 100000002 76925 11770807 0.769 0.654
tonto/742600000000 100000004 51482 6257071 0.515 0.823
xalancbmk/174600000000 100000004 284190 27607938 2.842 1.029
xalancbmk/631200000000 100000000 304556 29392929 3.046 1.036
xalancbmk/70000000000 100000002 291767 28317958 2.918 1.030
xalancbmk/768600000000 100000002 364811 27780638 3.648 1.313
xalancbmk/846050000000 100000007 376428 29043591 3.764 1.296
zeusmp/1309050000000 100000002 189 3523565 0.002 0.005
zeusmp/1378100000000 100000002 133 2887041 0.001 0.005
zeusmp/145800000000 100000005 253 2806989 0.003 0.009
zeusmp/160250000000 100000000 114 1655071 0.001 0.007
zeusmp/198150000000 100000001 2483 2802773 0.025 0.089
zeusmp/528350000000 100000001 1099 1497908 0.011 0.073
zeusmp/743350000000 100000006 1028 3473988 0.010 0.030
