495
astar_biglakes/181850000000 100000006 243387 13358367 2.434 1.822
astar_biglakes/24900000000 100000006 4984286 19723162 49.843 25.271
astar_biglakes/253750000000 100000002 643204 13393709 6.432 4.802
astar_biglakes/256350000000 100000000 643469 13367437 6.435 4.814
astar_biglakes/26450000000 100000002 5138678 19725656 51.387 26.051
astar_biglakes/289150000000 100000002 658537 13387429 6.585 4.919
astar_biglakes/353200000000 100000002 6350455 19747474 63.505 32.158
astar_biglakes/363300000000 100000003 3351153 18962087 33.512 17.673
astar_biglakes/98500000000 100000003 127085 13366871 1.271 0.951
astar_rivers/185000000000 100000001 298669 13423802 2.987 2.225
astar_rivers/224350000000 100000005 287154 13402634 2.872 2.143
astar_rivers/287000000000 100000007 309715 13364598 3.097 2.317
astar_rivers/380800000000 100000004 280460 13438664 2.805 2.087
astar_rivers/47650000000 100000006 4881597 19722050 48.816 24.752
astar_rivers/49500000000 100000001 4769003 19717383 47.690 24.187
astar_rivers/565350000000 100000003 609026 13248536 6.090 4.597
astar_rivers/591550000000 100000005 663131 13396136 6.631 4.950
astar_rivers/637900000000 100000001 666335 13498007 6.663 4.937
astar_rivers/803450000000 100000002 5988081 19745476 59.881 30.326
astar_rivers/807200000000 100000000 6190783 19750424 61.908 31.345
bwaves/1003900000000 100000005 121 6238083 0.001 0.002
bwaves/139750000000 100000002 6125 1493434 0.061 0.410
bwaves/1437800000000 100000001 121 6238082 0.001 0.002
bwaves/425200000000 100000003 79 2461098 0.001 0.003
bwaves/970350000000 100000005 170 8992929 0.002 0.002
bzip2_chicken/119950000000 100000007 396385 3286122 3.964 12.062
bzip2_chicken/178950000000 100000005 1456517 16374921 14.565 8.895
bzip2_chicken/184650000000 100000000 1236263 15012951 12.363 8.235
bzip2_chicken/30400000000 100000006 1257220 13500193 12.572 9.313
bzip2_chicken/54250000000 100000005 8740 10368840 0.087 0.084
bzip2_chicken/56100000000 100000002 487554 19724570 4.876 2.472
bzip2_chicken/70200000000 100000000 952411 14147072 9.524 6.732
bzip2_combined/156300000000 100000007 436469 8602994 4.365 5.073
bzip2_combined/165900000000 100000001 1363656 12558689 13.637 10.858
bzip2_combined/177850000000 100000000 994061 12098550 9.941 8.216
bzip2_combined/183700000000 100000002 1458839 11475183 14.588 12.713
bzip2_combined/183900000000 100000007 1937574 13339466 19.376 14.525
bzip2_combined/196200000000 100000003 1255411 12123072 12.554 10.356
bzip2_combined/23600000000 100000001 1731511 14576206 17.315 11.879
bzip2_combined/251450000000 100000004 1286041 15598029 12.860 8.245
bzip2_combined/259700000000 100000000 1159150 15607398 11.591 7.427
bzip2_combined/264500000000 100000002 1331394 16015179 13.314 8.313
bzip2_combined/282850000000 100000006 81308 11234759 0.813 0.724
bzip2_html/241000000000 100000000 948744 12090332 9.487 7.847
bzip2_html/253600000000 100000000 680061 16754380 6.801 4.059
bzip2_html/30350000000 100000003 264401 12407003 2.644 2.131
bzip2_html/428600000000 100000006 47470 12478071 0.475 0.380
bzip2_html/498900000000 100000000 547910 12224505 5.479 4.482
bzip2_html/504300000000 100000001 1058585 13053935 10.586 8.109
bzip2_html/534700000000 100000001 726281 12150351 7.263 5.977
bzip2_html/858350000000 100000007 1072533 12074374 10.725 8.883
bzip2_liberty/106600000000 100000002 1899 12499908 0.019 0.015
bzip2_liberty/145750000000 100000000 982664 16986060 9.827 5.785
bzip2_liberty/238400000000 100000000 1751541 16697517 17.515 10.490
bzip2_liberty/242550000000 100000003 353278 16905520 3.533 2.090
bzip2_liberty/324700000000 100000001 822380 16806806 8.224 4.893
bzip2_liberty/339900000000 100000002 383155 18824487 3.832 2.035
bzip2_liberty/346800000000 100000003 744272 16682872 7.443 4.461
bzip2_program/124450000000 100000003 695450 8403639 6.954 8.276
bzip2_program/169500000000 100000001 918029 14673172 9.180 6.257
bzip2_program/178450000000 100000004 1266228 15325527 12.662 8.262
bzip2_program/212500000000 100000007 496513 10678427 4.965 4.650
bzip2_program/248100000000 100000004 469950 11785918 4.699 3.987
bzip2_program/277600000000 100000000 511130 9788665 5.111 5.222
bzip2_program/298550000000 100000006 1794821 13697506 17.948 13.103
bzip2_program/332900000000 100000000 644626 10787351 6.446 5.976
bzip2_program/339450000000 100000000 1049463 15042685 10.495 6.977
bzip2_program/379900000000 100000006 921269 14913591 9.213 6.177
bzip2_program/392450000000 100000003 844364 15313067 8.444 5.514
bzip2_program/577000000000 100000001 796199 19678441 7.962 4.046
bzip2_program/58100000000 100000003 1589321 16666322 15.893 9.536
bzip2_program/60550000000 100000000 123613 12606845 1.236 0.981
bzip2_source/139400000000 100000007 2211489 15160234 22.115 14.587
bzip2_source/139950000000 100000000 1069722 11649707 10.697 9.182
bzip2_source/140700000000 100000002 847814 11233975 8.478 7.547
bzip2_source/142050000000 100000005 1101384 15438792 11.014 7.134
bzip2_source/162000000000 100000001 1488517 15998575 14.885 9.304
bzip2_source/193500000000 100000005 1809690 13292895 18.097 13.614
bzip2_source/19750000000 100000000 2085571 13208858 20.856 15.789
bzip2_source/205150000000 100000000 1482678 11976695 14.827 12.380
bzip2_source/228500000000 100000001 1532324 12271993 15.323 12.486
bzip2_source/239650000000 100000006 509156 10400778 5.092 4.895
bzip2_source/245800000000 100000006 1255480 11466582 12.555 10.949
bzip2_source/252200000000 100000002 424283 8218087 4.243 5.163
bzip2_source/294950000000 100000005 1241674 12778981 12.417 9.717
bzip2_source/377700000000 100000001 262015 12481571 2.620 2.099
cactusADM/5200000000 100000005 2214 148167 0.022 1.494
calculix/1820300000000 100000004 6398 8065915 0.064 0.079
calculix/2287650000000 100000000 71228 13105543 0.712 0.543
calculix/36000000000 100000007 20299 8141722 0.203 0.249
calculix/4666800000000 100000004 5940 8065989 0.059 0.074
calculix/5561750000000 100000001 6483 5233009 0.065 0.124
dealII/1191450000000 100000000 829078 39693615 8.291 2.089
dealII/142500000000 100000004 6630 10105806 0.066 0.066
dealII/15050000000 100000006 328152 11072477 3.282 2.964
dealII/249900000000 100000002 7703 10028754 0.077 0.077
dealII/264100000000 100000001 7178 29377688 0.072 0.024
dealII/284250000000 100000004 104968 8219289 1.050 1.277
dealII/408750000000 100000000 11540 12315689 0.115 0.094
dealII/769600000000 100000007 6379 27486261 0.064 0.023
dealII/875450000000 100000000 164983 7991879 1.650 2.064
gamess_cytosine/144150000000 100000006 46718 5702770 0.467 0.819
gamess_cytosine/170700000000 100000002 97460 7705939 0.975 1.265
gamess_cytosine/19850000000 100000004 61045 7365503 0.610 0.829
gamess_cytosine/204700000000 100000001 19293 5260803 0.193 0.367
gamess_cytosine/262600000000 100000003 76886 8315561 0.769 0.925
gamess_cytosine/282400000000 100000003 51580 6797807 0.516 0.759
gamess_cytosine/289000000000 100000000 20359 7374154 0.204 0.276
gamess_cytosine/32800000000 100000007 76142 7972657 0.761 0.955
gamess_cytosine/329650000000 100000002 58732 8826650 0.587 0.665
gamess_cytosine/350450000000 100000007 42443 7592755 0.424 0.559
gamess_cytosine/83600000000 100000005 62416 6986952 0.624 0.893
gamess_gradient/1319250000000 100000001 29395 7215150 0.294 0.407
gamess_gradient/1367200000000 100000005 37551 6958381 0.376 0.540
gamess_gradient/173150000000 100000006 48758 6819130 0.488 0.715
gamess_gradient/210850000000 100000005 36391 6225891 0.364 0.585
gamess_gradient/29600000000 100000007 34545 4343612 0.345 0.795
gamess_gradient/323300000000 100000004 19927 4179540 0.199 0.477
gamess_gradient/347050000000 100000007 29295 4280293 0.293 0.684
gamess_gradient/66350000000 100000000 27223 5884129 0.272 0.463
gamess_gradient/807500000000 100000001 34353 3962597 0.344 0.867
gamess_gradient/874900000000 100000007 18295 4594394 0.183 0.398
gamess_gradient/971600000000 100000000 34556 6925144 0.346 0.499
gamess_triazolium/109150000000 100000003 17979 4674396 0.180 0.385
gamess_triazolium/12300000000 100000006 39534 5434295 0.395 0.727
gamess_triazolium/24100000000 100000003 15026 5946548 0.150 0.253
gamess_triazolium/24800000000 100000001 33237 6844335 0.332 0.486
gamess_triazolium/36600000000 100000007 17908 5945980 0.179 0.301
gamess_triazolium/3850000000 100000001 39690 4724822 0.397 0.840
gamess_triazolium/48350000000 100000004 12469 5791618 0.125 0.215
gamess_triazolium/58350000000 100000004 44709 5024273 0.447 0.890
gamess_triazolium/58450000000 100000005 34816 4354143 0.348 0.800
gamess_triazolium/6350000000 100000000 33829 5340244 0.338 0.633
gamess_triazolium/64150000000 100000006 29537 5722436 0.295 0.516
gamess_triazolium/78850000000 100000006 26804 5434741 0.268 0.493
gamess_triazolium/97800000000 100000003 16366 5771612 0.164 0.284
gcc_166/22900000000 100000002 58722 21714298 0.587 0.270
gcc_166/38000000000 100000001 109000 16638850 1.090 0.655
gcc_166/39800000000 100000000 69024 27770417 0.690 0.249
gcc_166/44600000000 100000002 391404 20301811 3.914 1.928
gcc_166/51650000000 100000003 33594 25384830 0.336 0.132
gcc_166/58700000000 100000001 30129 23735487 0.301 0.127
gcc_166/69650000000 100000003 64457 21707136 0.645 0.297
gcc_166/73900000000 100000003 378926 20635628 3.789 1.836
gcc_166/80100000000 100000001 45096 29580032 0.451 0.152
gcc_200/102700000000 100000003 771583 19754549 7.716 3.906
gcc_200/105250000000 100000004 772828 20173665 7.728 3.831
gcc_200/10950000000 100000001 263052 19983366 2.631 1.316
gcc_200/140100000000 100000002 152691 18764738 1.527 0.814
gcc_200/16800000000 100000003 262968 18751829 2.630 1.402
gcc_200/21750000000 100000002 525704 22373622 5.257 2.350
gcc_200/40600000000 100000007 52091 25251782 0.521 0.206
gcc_200/45750000000 100000000 390545 20860772 3.905 1.872
gcc_200/90600000000 100000003 171225 28572978 1.712 0.599
gcc_200/95600000000 100000003 264478 16735869 2.645 1.580
gcc_cpdecl/111600000000 100000000 502633 19695158 5.026 2.552
gcc_cpdecl/113200000000 100000006 553493 19535251 5.535 2.833
gcc_cpdecl/11500000000 100000001 18898 25372352 0.189 0.074
gcc_cpdecl/39050000000 100000003 17024 23921850 0.170 0.071
gcc_cpdecl/44550000000 100000002 35415 21878440 0.354 0.162
gcc_cpdecl/81750000000 100000001 42160 28895666 0.422 0.146
gcc_expr/100850000000 100000001 29828 29875899 0.298 0.100
gcc_expr/200000000 0 0 0 0 0
gcc_expr/28800000000 100000002 25178 25410606 0.252 0.099
gcc_expr/42850000000 100000004 109475 18929831 1.095 0.578
gcc_expr/50350000000 100000000 16007 24018503 0.160 0.067
gcc_expr/69500000000 100000000 43792 21735348 0.438 0.201
gcc_expr/79100000000 100000000 25744 17485905 0.257 0.147
gcc_expr2/108550000000 100000002 128640 17657973 1.286 0.729
gcc_expr2/151400000000 100000000 38804 30015122 0.388 0.129
gcc_expr2/170300000000 100000006 606135 19578618 6.061 3.096
gcc_expr2/41300000000 100000002 26836 25467188 0.268 0.105
gcc_expr2/66600000000 100000003 20151 24044169 0.202 0.084
gcc_expr2/6950000000 100000001 74866 22118131 0.749 0.338
gcc_expr2/74550000000 100000003 198208 18977934 1.982 1.044
gcc_g23/117300000000 100000002 13738 24070768 0.137 0.057
gcc_g23/124400000000 100000005 80794 18629202 0.808 0.434
gcc_g23/152550000000 100000003 45712 29733407 0.457 0.154
gcc_g23/185550000000 100000003 21961 30103946 0.220 0.073
gcc_g23/200300000000 100000000 7725 31769116 0.077 0.024
gcc_g23/213400000000 100000002 561915 20102248 5.619 2.795
gcc_g23/2200000000 100000007 86383 13368061 0.864 0.646
gcc_g23/59400000000 100000001 190901 21216341 1.909 0.900
gcc_g23/69700000000 100000000 30590 25368656 0.306 0.121
gcc_s04/103000000000 100000005 42417 18976270 0.424 0.224
gcc_s04/127200000000 100000002 37145 22467900 0.371 0.165
gcc_s04/1300000000 100000006 490641 19893132 4.906 2.466
gcc_s04/144150000000 100000002 24454 13229953 0.245 0.185
gcc_s04/19700000000 100000000 17563 25586854 0.176 0.069
gcc_s04/34700000000 100000001 15516 25437502 0.155 0.061
gcc_s04/68650000000 100000001 15754 24040645 0.158 0.066
gcc_scilab/24050000000 100000000 342799 18520053 3.428 1.851
gcc_scilab/44650000000 100000002 576279 20633119 5.763 2.793
gcc_scilab/46400000000 100000006 355674 19956998 3.557 1.782
gcc_scilab/52200000000 100000007 874489 19294602 8.745 4.532
gcc_scilab/54350000000 100000006 944119 19874179 9.441 4.750
gcc_scilab/62500000000 100000007 553987 19927806 5.540 2.780
gcc_scilab/64300000000 100000003 570718 19543309 5.707 2.920
gcc_typeck/101050000000 100000000 44739 12720022 0.447 0.352
gcc_typeck/135550000000 100000005 10511 10491633 0.105 0.100
gcc_typeck/151200000000 100000003 447870 18934926 4.479 2.365
gcc_typeck/34700000000 100000002 56800 20550804 0.568 0.276
gcc_typeck/43500000000 100000001 24917 25467076 0.249 0.098
gcc_typeck/66050000000 100000003 18404 23953309 0.184 0.077
gcc_typeck/7450000000 100000004 139954 17798881 1.400 0.786
gcc_typeck/90650000000 100000005 46317 22093002 0.463 0.210
GemsFDTD/1012950000000 100000005 85 1329444 0.001 0.006
GemsFDTD/1045150000000 100000000 22805 9115460 0.228 0.250
GemsFDTD/1389900000000 100000001 38 2288284 0.000 0.002
GemsFDTD/1443300000000 100000004 59 1395390 0.001 0.004
GemsFDTD/183800000000 100000007 82 1735035 0.001 0.005
GemsFDTD/18550000000 100000000 104 1300925 0.001 0.008
GemsFDTD/277100000000 100000000 59 1280824 0.001 0.005
GemsFDTD/29600000000 100000005 134 1341366 0.001 0.010
GemsFDTD/43850000000 100000007 39 1869627 0.000 0.002
GemsFDTD/665500000000 100000005 85 2295946 0.001 0.004
GemsFDTD/704750000000 100000002 118 1035864 0.001 0.011
GemsFDTD/990900000000 100000000 19386 8508466 0.194 0.228
gobmk_13x13/132950000000 100000007 1908909 16640123 19.089 11.472
gobmk_13x13/14700000000 100000001 1779320 15456654 17.793 11.512
gobmk_13x13/204650000000 100000002 1654551 17093880 16.546 9.679
gobmk_13x13/214250000000 100000004 908062 15203588 9.081 5.973
gobmk_13x13/24900000000 100000005 853138 15083304 8.531 5.656
gobmk_13x13/36150000000 100000005 1699809 17268240 16.998 9.844
gobmk_13x13/48150000000 100000006 2149026 15547111 21.490 13.823
gobmk_13x13/7900000000 100000000 2110084 16340263 21.101 12.913
gobmk_13x13/96400000000 100000007 2498714 16029107 24.987 15.589
gobmk_nngs/105950000000 100000003 1823498 16789926 18.235 10.861
gobmk_nngs/151350000000 100000005 2018283 16662286 20.183 12.113
gobmk_nngs/363000000000 100000001 1671453 16571896 16.715 10.086
gobmk_nngs/405450000000 100000003 994440 15228031 9.944 6.530
gobmk_nngs/481800000000 100000000 2321222 15839218 23.212 14.655
gobmk_nngs/598750000000 100000004 2270115 15945761 22.701 14.236
gobmk_nngs/61600000000 100000006 1535093 15773016 15.351 9.732
gobmk_nngs/683350000000 100000002 998769 15010466 9.988 6.654
gobmk_score2/136800000000 100000005 2004517 16855773 20.045 11.892
gobmk_score2/16350000000 100000004 1316425 20777649 13.164 6.336
gobmk_score2/187100000000 100000000 747767 15316971 7.478 4.882
gobmk_score2/19900000000 100000005 1610502 19212502 16.105 8.383
gobmk_score2/205800000000 100000001 1652118 17969471 16.521 9.194
gobmk_score2/210050000000 100000004 992551 21759005 9.926 4.562
gobmk_score2/243600000000 100000001 1542059 16002464 15.421 9.636
gobmk_score2/245200000000 100000003 1806272 16457452 18.063 10.975
gobmk_score2/262550000000 100000000 2023407 15438610 20.234 13.106
gobmk_score2/272900000000 100000004 1236452 16891298 12.365 7.320
gobmk_score2/58300000000 100000000 1418153 19179365 14.182 7.394
gobmk_score2/98750000000 100000006 1547373 16883168 15.474 9.165
gobmk_trevorc/145200000000 100000006 1802425 15474109 18.024 11.648
gobmk_trevorc/149650000000 100000003 1924123 16703723 19.241 11.519
gobmk_trevorc/149700000000 100000001 1935535 17145107 19.355 11.289
gobmk_trevorc/231300000000 100000003 1997491 16111523 19.975 12.398
gobmk_trevorc/246200000000 100000000 1231353 15984209 12.314 7.704
gobmk_trevorc/26100000000 100000004 1157955 15291128 11.580 7.573
gobmk_trevorc/29250000000 100000002 955681 15522414 9.557 6.157
gobmk_trevorc/44100000000 100000000 2025185 16316283 20.252 12.412
gobmk_trevorc/78500000000 100000006 1656545 15418141 16.565 10.744
gobmk_trevord/104650000000 100000001 1960824 15960857 19.608 12.285
gobmk_trevord/159150000000 100000002 971631 15559736 9.716 6.245
gobmk_trevord/216550000000 100000006 2558642 16845465 25.586 15.189
gobmk_trevord/279450000000 100000002 1600247 17168596 16.002 9.321
gobmk_trevord/342400000000 100000002 1159179 16301932 11.592 7.111
gobmk_trevord/360700000000 100000000 1799957 16420037 18.000 10.962
gobmk_trevord/361250000000 100000000 2833716 16020805 28.337 17.688
gobmk_trevord/53350000000 100000000 1016285 15107850 10.163 6.727
gobmk_trevord/57400000000 100000002 944329 15118486 9.443 6.246
gromacs/1187200000000 100000000 31553 474020 0.316 6.656
gromacs/1283150000000 100000004 33580 1181041 0.336 2.843
gromacs/1334300000000 100000001 27458 312352 0.275 8.791
gromacs/1467550000000 100000002 847936 8439745 8.479 10.047
gromacs/1475350000000 100000007 28358 584171 0.284 4.854
gromacs/1501650000000 100000000 950946 8587831 9.509 11.073
gromacs/1572850000000 100000002 41906 1670675 0.419 2.508
gromacs/1584200000000 100000000 42437 1670297 0.424 2.541
gromacs/245900000000 100000004 840935 8161034 8.409 10.304
gromacs/295650000000 100000007 478132 13083291 4.781 3.655
gromacs/738000000000 100000002 39166 1675078 0.392 2.338
h264ref_foreman/104800000000 100000000 155224 8404953 1.552 1.847
h264ref_foreman/175700000000 100000003 120348 7793538 1.203 1.544
h264ref_foreman/18850000000 100000001 115115 8046187 1.151 1.431
h264ref_foreman/298100000000 100000005 152480 7729695 1.525 1.973
h264ref_foreman/298250000000 100000005 116134 8918473 1.161 1.302
h264ref_foreman/401300000000 100000004 129247 7804473 1.292 1.656
h264ref_foreman/414650000000 100000001 188506 8924222 1.885 2.112
h264ref_foreman/76200000000 100000007 93655 7638964 0.937 1.226
h264ref_foreman/97500000000 100000004 150215 8569192 1.502 1.753
h264ref_sss/105050000000 100000002 78838 8638706 0.788 0.913
h264ref_sss/2457950000000 100000004 82408 7397424 0.824 1.114
h264ref_sss/2534300000000 100000002 75654 7411241 0.757 1.021
h264ref_sss/3709150000000 100000002 81098 7505863 0.811 1.080
h264ref_sss/3807750000000 100000005 87995 7657858 0.880 1.149
h264ref_sss/386500000000 100000004 114657 8201705 1.147 1.398
hmmer_nph3/163100000000 100000000 1509517 16392929 15.095 9.208
hmmer_nph3/303600000000 100000004 1601121 16388163 16.011 9.770
hmmer_nph3/317500000000 100000007 1558389 16397681 15.584 9.504
hmmer_nph3/370750000000 100000002 1549411 16386847 15.494 9.455
hmmer_nph3/374800000000 100000002 1566537 16396568 15.665 9.554
hmmer_nph3/425000000000 100000005 1545436 16396557 15.454 9.425
hmmer_nph3/889450000000 100000005 1499478 16398928 14.995 9.144
hmmer_nph3/941850000000 100000004 1580309 16399267 15.803 9.636
hmmer_retro/1175500000000 100000002 1675049 16521590 16.750 10.139
hmmer_retro/1367550000000 100000004 1648696 16522051 16.487 9.979
hmmer_retro/1637900000000 100000001 1669351 16531374 16.694 10.098
hmmer_retro/1785550000000 100000003 1674481 16525784 16.745 10.133
hmmer_retro/1791800000000 100000004 1657116 16525134 16.571 10.028
hmmer_retro/1896650000000 100000000 1651585 16527741 16.516 9.993
hmmer_retro/1919950000000 100000002 1670019 16520974 16.700 10.108
hmmer_retro/431550000000 100000004 1660731 16522804 16.607 10.051
hmmer_retro/451850000000 100000001 1635898 16534238 16.359 9.894
hmmer_retro/538150000000 100000000 1652431 16524548 16.524 10.000
hmmer_retro/588300000000 100000004 1675540 16528642 16.755 10.137
hmmer_retro/778750000000 100000002 1634696 16525559 16.347 9.892
hmmer_retro/939650000000 100000001 1689638 16521644 16.896 10.227
lbm/16950000000 100000001 4275 1136522 0.043 0.376
lbm/43700000000 100000003 7224 1123186 0.072 0.643
lbm/647950000000 100000000 8262 1122475 0.083 0.736
lbm/751550000000 100000006 7380 1095063 0.074 0.674
leslie3d/1263700000000 100000004 974 6113101 0.010 0.016
leslie3d/1431350000000 100000004 1023 6020212 0.010 0.017
leslie3d/1490900000000 100000001 973 5733622 0.010 0.017
leslie3d/149850000000 100000000 1047 5625694 0.010 0.019
leslie3d/1573400000000 100000002 948 5797250 0.009 0.016
leslie3d/1658950000000 100000007 1791 6569513 0.018 0.027
leslie3d/1783300000000 100000003 980 5835273 0.010 0.017
leslie3d/1785050000000 100000002 733 5635745 0.007 0.013
leslie3d/179100000000 100000000 1502 7138940 0.015 0.021
leslie3d/1831150000000 100000005 1800 6968676 0.018 0.026
leslie3d/278700000000 100000001 1309 6816065 0.013 0.019
leslie3d/4000000000 100000003 1262 6511896 0.013 0.019
leslie3d/635550000000 100000001 858 6324973 0.009 0.014
leslie3d/786550000000 100000000 784 6125967 0.008 0.013
leslie3d/851000000000 100000003 1045 6048990 0.010 0.017
leslie3d/957100000000 100000001 901 5831691 0.009 0.015
libquantum/1088950000000 100000003 476 33684178 0.005 0.001
libquantum/1151350000000 100000004 196 32454990 0.002 0.001
libquantum/128700000000 100000000 135 31336907 0.001 0.000
libquantum/207950000000 100000000 197 36796608 0.002 0.001
libquantum/237350000000 100000004 220 35802579 0.002 0.001
libquantum/594600000000 100000004 51 16831561 0.001 0.000
libquantum/601050000000 100000002 45854 31478468 0.459 0.146
libquantum/631700000000 100000000 16586 36726776 0.166 0.045
libquantum/662850000000 100000002 34648 35790155 0.346 0.097
libquantum/894300000000 100000004 2019 34963758 0.020 0.006
libquantum/976050000000 100000000 810 35664674 0.008 0.002
libquantum/987350000000 100000001 8237 38550569 0.082 0.021
mcf/103100000000 100000000 721014 16692192 7.210 4.319
mcf/106600000000 100000003 735866 16017160 7.359 4.594
mcf/114200000000 100000007 2589014 26142460 25.890 9.903
mcf/147600000000 100000000 2380978 30878738 23.810 7.711
mcf/154550000000 100000000 2348932 29740488 23.489 7.898
mcf/15850000000 100000002 1441779 14413640 14.418 10.003
mcf/225300000000 100000001 765264 15075726 7.653 5.076
mcf/234550000000 100000000 2296489 26917902 22.965 8.531
mcf/249900000000 100000006 3142510 33907098 31.425 9.268
mcf/59450000000 100000002 1636354 28046022 16.364 5.835
mcf/68900000000 100000000 1224939 30260688 12.249 4.048
milc/203700000000 100000001 123 4639129 0.001 0.003
milc/229050000000 100000002 80 5234536 0.001 0.002
milc/3500000000 100000000 75 6664765 0.001 0.001
milc/47650000000 100000001 4162 5757786 0.042 0.072
milc/588150000000 100000002 181 8530397 0.002 0.002
milc/65100000000 100000000 9239 6948091 0.092 0.133
milc/663950000000 100000001 65 5988844 0.001 0.001
milc/69900000000 100000006 26194 10739544 0.262 0.244
milc/815200000000 100000003 103 9085859 0.001 0.001
milc/846650000000 100000006 205 7974768 0.002 0.003
milc/847950000000 100000001 162 8356727 0.002 0.002
milc/849250000000 100000005 156 9043903 0.002 0.002
milc/89950000000 100000000 22621 10977746 0.226 0.206
namd/1060850000000 100000002 308062 6468534 3.081 4.762
namd/12900000000 100000006 258217 5596417 2.582 4.614
namd/1472850000000 100000001 215780 4116753 2.158 5.242
namd/1492350000000 100000000 324280 6801042 3.243 4.768
namd/1620150000000 100000000 294254 5270569 2.943 5.583
namd/1699800000000 100000003 344400 7901539 3.444 4.359
namd/284900000000 100000001 296919 7100655 2.969 4.182
namd/382300000000 100000003 170829 3249689 1.708 5.257
namd/437000000000 100000003 242745 4542807 2.427 5.344
namd/652500000000 100000002 250835 4602878 2.508 5.450
namd/73500000000 100000003 309419 5297722 3.094 5.841
namd/905850000000 100000004 307733 7220919 3.077 4.262
namd/972400000000 100000004 332392 8112612 3.324 4.097
omnetpp/172700000000 100000004 596996 24181892 5.970 2.469
omnetpp/187400000000 100000006 566441 24210542 5.664 2.340
perlbench_checkspam/1054350000000 100000000 231269 19350623 2.313 1.195
perlbench_checkspam/1118800000000 100000004 310009 18722261 3.100 1.656
perlbench_checkspam/12750000000 100000005 312966 18630616 3.130 1.680
perlbench_checkspam/307550000000 100000005 377033 18569047 3.770 2.030
perlbench_checkspam/671450000000 100000001 301244 18700336 3.012 1.611
perlbench_checkspam/697850000000 100000005 292568 19035370 2.926 1.537
perlbench_checkspam/880050000000 100000004 327169 18653481 3.272 1.754
perlbench_checkspam/8850000000 100000003 363134 19125366 3.631 1.899
perlbench_checkspam/959450000000 100000000 149026 19628852 1.490 0.759
perlbench_diffmail/121650000000 100000006 56631 17559632 0.566 0.323
perlbench_diffmail/30400000000 100000000 55936 17556780 0.559 0.319
perlbench_splitmail/19200000000 100000001 63146 15647624 0.631 0.404
perlbench_splitmail/332250000000 100000007 152343 19500030 1.523 0.781
perlbench_splitmail/432700000000 100000004 60562 22065911 0.606 0.274
perlbench_splitmail/60750000000 100000002 126638 16757421 1.266 0.756
perlbench_splitmail/666250000000 100000000 119025 19478926 1.190 0.611
perlbench_splitmail/68200000000 100000003 110435 16639694 1.104 0.664
povray/1097950000000 100000000 18141 14327908 0.181 0.127
povray/228100000000 100000002 147740 14577360 1.477 1.013
povray/313300000000 100000004 159936 14428544 1.599 1.108
povray/43800000000 100000001 17374 15288130 0.174 0.114
povray/438000000000 100000006 122759 14494094 1.228 0.847
povray/463900000000 100000004 149533 14375742 1.495 1.040
povray/480550000000 100000006 113833 14059365 1.138 0.810
povray/510950000000 100000000 105640 13850516 1.056 0.763
povray/564500000000 100000002 146681 14111897 1.467 1.039
povray/675400000000 100000003 145359 14422531 1.454 1.008
povray/776700000000 100000003 64409 14274278 0.644 0.451
povray/80100000000 100000001 169585 15001586 1.696 1.130
povray/845850000000 100000002 71753 14526159 0.718 0.494
povray/911000000000 100000000 26032 13871559 0.260 0.188
sjeng/1211050000000 100000007 750251 16943893 7.503 4.428
sjeng/1439300000000 100000004 791789 18203728 7.918 4.350
sjeng/1833350000000 100000000 910794 18428754 9.108 4.942
sjeng/22000000000 100000003 1024283 18191651 10.243 5.631
sjeng/2746950000000 100000003 796574 17786484 7.966 4.479
sjeng/473050000000 100000003 829412 18451956 8.294 4.495
sjeng/495500000000 100000004 974255 18291787 9.743 5.326
sjeng/92850000000 100000000 751006 18076166 7.510 4.155
soplex_pds/106350000000 100000004 2064883 16502483 20.649 12.513
soplex_pds/146850000000 100000003 1202338 16246656 12.023 7.401
soplex_pds/166900000000 100000001 1281646 16137754 12.816 7.942
soplex_pds/169750000000 100000007 1195730 16155226 11.957 7.402
soplex_pds/175450000000 100000004 1234801 16202099 12.348 7.621
soplex_pds/181700000000 100000000 1327791 16121130 13.278 8.236
soplex_pds/189950000000 100000000 1367526 16079710 13.675 8.505
soplex_pds/275100000000 100000003 1255413 15880790 12.554 7.905
soplex_pds/340950000000 100000004 1399338 16616061 13.993 8.422
soplex_pds/361500000000 100000007 1371681 15628695 13.717 8.777
soplex_pds/56600000000 100000003 1832915 17790795 18.329 10.303
soplex_pds/66800000000 100000000 1783981 17934014 17.840 9.947
soplex_ref/129250000000 100000003 363326 14524847 3.633 2.501
soplex_ref/131850000000 100000002 404765 15018408 4.048 2.695
soplex_ref/133700000000 100000007 432971 13915382 4.330 3.111
soplex_ref/150800000000 100000000 482391 13747756 4.824 3.509
soplex_ref/152600000000 100000000 504988 13469263 5.050 3.749
soplex_ref/160950000000 100000002 642728 15201018 6.427 4.228
soplex_ref/164800000000 100000001 320424 14572723 3.204 2.199
soplex_ref/235500000000 100000005 251053 14084223 2.511 1.783
soplex_ref/239450000000 100000007 403878 14276750 4.039 2.829
soplex_ref/319350000000 100000006 422456 13662572 4.225 3.092
soplex_ref/3200000000 100000004 127640 26310070 1.276 0.485
soplex_ref/334000000000 100000006 519318 13693826 5.193 3.792
soplex_ref/346850000000 100000006 217840 13902964 2.178 1.567
sphinx3/1646800000000 100000003 280665 9666073 2.807 2.904
sphinx3/179750000000 100000004 268492 9705731 2.685 2.766
sphinx3/1800250000000 100000003 269497 9713242 2.695 2.775
sphinx3/1843050000000 100000007 256631 9699373 2.566 2.646
sphinx3/2109400000000 100000000 266177 9673969 2.662 2.751
sphinx3/2544400000000 100000003 266571 9658840 2.666 2.760
sphinx3/2751350000000 100000003 238256 9439009 2.383 2.524
sphinx3/2838700000000 100000002 200310 9386922 2.003 2.134
sphinx3/3102350000000 100000005 230079 9400981 2.301 2.447
sphinx3/3453800000000 100000002 242625 9500553 2.426 2.554
sphinx3/401200000000 100000007 413013 10402200 4.130 3.970
sphinx3/435700000000 100000006 360599 10232393 3.606 3.524
tonto/1154550000000 100000000 99947 10679193 0.999 0.936
tonto/1163150000000 100000000 55359 10204755 0.554 0.542
tonto/1185650000000 100000000 228192 10803094 2.282 2.112
tonto/1490700000000 100000006 244405 11343445 2.444 2.155
tonto/1516450000000 100000004 44425 7984081 0.444 0.556
tonto/1834850000000 100000002 40902 11770807 0.409 0.347
tonto/1911850000000 100000001 50122 7615921 0.501 0.658
tonto/250600000000 100000002 110436 9511854 1.104 1.161
tonto/335900000000 100000001 118766 11169622 1.188 1.063
tonto/742600000000 100000004 31649 6257071 0.316 0.506
xalancbmk/174600000000 100000004 213227 27607938 2.132 0.772
xalancbmk/524100000000 100000002 186535 26844444 1.865 0.695
xalancbmk/555100000000 100000001 118654 33771809 1.187 0.351
xalancbmk/576250000000 100000006 191125 26568079 1.911 0.719
xalancbmk/631200000000 100000000 164579 29392929 1.646 0.560
xalancbmk/70000000000 100000002 233107 28317958 2.331 0.823
xalancbmk/768600000000 100000002 193615 27780638 1.936 0.697
xalancbmk/844250000000 100000001 173988 29283074 1.740 0.594
xalancbmk/846050000000 100000007 190558 29043591 1.906 0.656
xalancbmk/875700000000 100000003 158937 31599718 1.589 0.503
xalancbmk/9300000000 100000000 138270 25185924 1.383 0.549
xalancbmk/933450000000 100000006 154613 29556224 1.546 0.523
zeusmp/1029900000000 100000001 87 2323924 0.001 0.004
zeusmp/1309050000000 100000002 175 3523565 0.002 0.005
zeusmp/1378100000000 100000002 134 2887041 0.001 0.005
zeusmp/1384950000000 100000002 192 3537347 0.002 0.005
zeusmp/145800000000 100000005 225 2806989 0.002 0.008
zeusmp/147700000000 100000004 190 1239935 0.002 0.015
zeusmp/160250000000 100000000 119 1655071 0.001 0.007
zeusmp/198150000000 100000001 260 2802773 0.003 0.009
zeusmp/385450000000 100000000 126 2917879 0.001 0.004
zeusmp/528350000000 100000001 1133 1497908 0.011 0.076
zeusmp/553350000000 100000001 177 3569304 0.002 0.005
zeusmp/699850000000 100000007 753 3584801 0.008 0.021
zeusmp/743350000000 100000006 257 3473988 0.003 0.007
zeusmp/99650000000 100000003 149 3569757 0.001 0.004
