231
gcc_g23/117300000000 100000002 15576 24070768 0.156 0.065
gcc_g23/69700000000 100000000 27784 25368656 0.278 0.110
gcc_g23/2200000000 100000007 83946 13368061 0.839 0.628
gcc_g23/185550000000 100000003 24087 30103946 0.241 0.080
bzip2_combined/282850000000 100000006 49826 11234759 0.498 0.443
bzip2_combined/183900000000 100000007 2037927 13339466 20.379 15.277
bzip2_combined/196200000000 100000003 1095084 12123072 10.951 9.033
bzip2_combined/251450000000 100000004 1451495 15598029 14.515 9.306
hmmer_retro/1637900000000 100000001 2160580 16531374 21.606 13.070
hmmer_retro/1791800000000 100000004 2165333 16525134 21.653 13.103
hmmer_retro/1919950000000 100000002 2165614 16520974 21.656 13.108
hmmer_retro/1175500000000 100000004 2152315 16521590 21.523 13.027
hmmer_retro/588300000000 100000004 2157710 16528642 21.577 13.054
hmmer_retro/431550000000 100000002 2145007 16522804 21.450 12.982
hmmer_retro/1367550000000 100000007 2151230 16522051 21.512 13.020
milc/815200000000 100000002 72 9085858 0.001 0.001
milc/847950000000 100000001 122 8356727 0.001 0.001
milc/588150000000 100000002 126 8530397 0.001 0.001
milc/849250000000 100000005 114 9043903 0.001 0.001
milc/203700000000 100000001 113 4639129 0.001 0.002
milc/65100000000 100000000 29704 6948091 0.297 0.428
GemsFDTD/990900000000 100000000 21829 8508466 0.218 0.257
GemsFDTD/1389900000000 100000001 21721 2288284 0.217 0.949
GemsFDTD/665500000000 100000005 10881 2295946 0.109 0.474
gobmk_trevorc/26100000000 100000004 1611643 15291128 16.116 10.540
gobmk_trevorc/149700000000 100000002 2209030 17145108 22.090 12.884
gobmk_trevorc/44100000000 50000001 988362 8262676 19.767 11.962
gobmk_trevorc/231300000000 100000003 2158366 16111523 21.584 13.396
gobmk_trevorc/145200000000 100000001 2056291 15474109 20.563 13.289
leslie3d/1431350000000 100000004 50684 6020212 0.507 0.842
leslie3d/278700000000 100000001 56204 6816065 0.562 0.825
leslie3d/1658950000000 100000007 64908 6569513 0.649 0.988
leslie3d/1783300000000 100000003 66848 5835273 0.668 1.146
leslie3d/1831150000000 100000005 64311 6968676 0.643 0.923
leslie3d/179100000000 100000000 68506 7138940 0.685 0.960
leslie3d/957100000000 100000001 67909 5831691 0.679 1.164
leslie3d/149850000000 100000000 53905 5625694 0.539 0.958
xalancbmk/768600000000 100000002 160917 27780638 1.609 0.579
xalancbmk/631200000000 100000000 128622 29392929 1.286 0.438
xalancbmk/70000000000 100000002 203050 28317958 2.030 0.717
xalancbmk/174600000000 100000004 252811 27607938 2.528 0.916
xalancbmk/846050000000 100000007 160218 29043591 1.602 0.552
omnetpp/172700000000 100000006 597794 24181892 5.978 2.472
gcc_s04/34700000000 100000001 18212 25437502 0.182 0.072
gcc_s04/1300000000 100000000 2654493 19893132 26.545 13.344
gcc_s04/68650000000 100000001 16635 24040645 0.166 0.069
gcc_s04/127200000000 100000002 42830 22467900 0.428 0.191
h264ref_foreman/298100000000 100000005 185825 7729695 1.858 2.404
h264ref_foreman/401300000000 100000004 169304 7804473 1.693 2.169
h264ref_foreman/76200000000 100000007 141300 7638964 1.413 1.850
h264ref_foreman/104800000000 100000001 200416 8404953 2.004 2.384
gobmk_nngs/363000000000 100000000 2021939 16571896 20.219 12.201
gobmk_nngs/598750000000 100000004 2343717 15945761 23.437 14.698
gobmk_nngs/683350000000 100000000 1500148 15010466 15.001 9.994
gobmk_nngs/61600000000 100000001 1829566 15773016 18.296 11.599
povray/564500000000 100000002 151604 14111897 1.516 1.074
povray/438000000000 100000006 166206 14494094 1.662 1.147
povray/675400000000 100000003 175226 14422531 1.752 1.215
povray/776700000000 100000003 57449 14274278 0.574 0.402
povray/43800000000 100000001 12587 15288130 0.126 0.082
povray/228100000000 100000002 173480 14577360 1.735 1.190
povray/845850000000 100000002 72506 14526159 0.725 0.499
lbm/751550000000 100000006 4280 1095063 0.043 0.391
gcc_scilab/54350000000 100000006 2392745 19874179 23.927 12.039
gcc_scilab/46400000000 100000003 1525081 19956997 15.251 7.642
gcc_scilab/62500000000 100000007 2669463 19927806 26.695 13.396
bzip2_chicken/56100000000 100000001 391791 19724570 3.918 1.986
bzip2_chicken/54250000000 100000005 7763 10368840 0.078 0.075
bzip2_chicken/178950000000 100000005 1998517 16374921 19.985 12.205
gcc_166/51650000000 100000003 37812 25384830 0.378 0.149
gcc_166/44600000000 100000003 566484 20301811 5.665 2.790
gcc_166/69650000000 100000003 124156 21707136 1.242 0.572
gcc_166/58700000000 100000001 31016 23735487 0.310 0.131
dealII/142500000000 100000004 21603 10105806 0.216 0.214
dealII/875450000000 100000000 234309 7991879 2.343 2.932
dealII/15050000000 100000006 530453 11072477 5.305 4.791
dealII/408750000000 100000000 38110 12315689 0.381 0.309
mcf/15850000000 100000002 1367131 14413640 13.671 9.485
mcf/59450000000 100000002 3278906 28046022 32.789 11.691
mcf/249900000000 100000000 7038004 33907095 70.380 20.757
mcf/114200000000 100000003 4559820 26142459 45.598 17.442
mcf/234550000000 100000000 4499268 26917902 44.993 16.715
astar_rivers/224350000000 100000005 329770 13402634 3.298 2.460
astar_rivers/185000000000 100000001 345737 13423802 3.457 2.576
astar_rivers/49500000000 100000006 7230954 19717384 72.310 36.673
astar_rivers/287000000000 100000006 334299 13364598 3.343 2.501
astar_rivers/47650000000 100000001 7183532 19722049 71.835 36.424
hmmer_nph3/370750000000 100000004 2023732 16386847 20.237 12.350
hmmer_nph3/317500000000 100000007 1973475 16397681 19.735 12.035
hmmer_nph3/941850000000 100000003 1982487 16399267 19.825 12.089
hmmer_nph3/163100000000 100000000 1991708 16392929 19.917 12.150
hmmer_nph3/303600000000 100000005 2051741 16388163 20.517 12.520
gamess_triazolium/58350000000 100000004 66272 5024273 0.663 1.319
gamess_triazolium/64150000000 100000006 57343 5722436 0.573 1.002
gamess_triazolium/78850000000 100000006 45449 5434741 0.454 0.836
gamess_triazolium/24100000000 100000003 19921 5946548 0.199 0.335
gamess_triazolium/36600000000 100000007 23467 5945980 0.235 0.395
gamess_triazolium/97800000000 100000003 21622 5771612 0.216 0.375
gamess_triazolium/48350000000 100000004 21437 5791618 0.214 0.370
namd/284900000000 100000001 486121 7100655 4.861 6.846
namd/1472850000000 100000001 323735 4116753 3.237 7.864
namd/437000000000 100000003 369208 4542807 3.692 8.127
namd/382300000000 100000003 263178 3249689 2.632 8.099
namd/12900000000 100000006 441639 5596417 4.416 7.891
namd/1060850000000 100000002 523801 6468534 5.238 8.098
namd/905850000000 100000005 510052 7220919 5.101 7.064
gamess_cytosine/32800000000 100000007 127905 7972657 1.279 1.604
gamess_cytosine/289000000000 100000007 29695 7374154 0.297 0.403
gamess_cytosine/170700000000 100000002 297890 7705939 2.979 3.866
gamess_cytosine/19850000000 100000004 96951 7365503 0.970 1.316
gamess_cytosine/350450000000 100000007 130089 7592755 1.301 1.713
gamess_cytosine/262600000000 100000003 225756 8315561 2.258 2.715
gobmk_trevord/361250000000 100000003 2489021 16020806 24.890 15.536
gobmk_trevord/279450000000 100000002 1822493 17168596 18.225 10.615
gobmk_trevord/57400000000 100000000 1869940 15118486 18.699 12.369
gobmk_trevord/104650000000 100000002 2064652 15960857 20.647 12.936
gobmk_trevord/53350000000 100000000 1410172 15107850 14.102 9.334
gamess_gradient/971600000000 100000000 116268 6925144 1.163 1.679
gamess_gradient/1319250000000 100000006 93928 7215150 0.939 1.302
gamess_gradient/874900000000 100000007 33088 4594394 0.331 0.720
gamess_gradient/66350000000 100000000 49777 5884129 0.498 0.846
gamess_gradient/173150000000 100000006 117967 6819130 1.180 1.730
gamess_gradient/1367200000000 100000005 99444 6958381 0.994 1.429
zeusmp/1309050000000 100000002 10883 3523565 0.109 0.309
zeusmp/145800000000 100000005 842 2806989 0.008 0.030
zeusmp/160250000000 100000000 3142 1655071 0.031 0.190
zeusmp/198150000000 100000001 534 2802773 0.005 0.019
zeusmp/743350000000 100000006 964 3473988 0.010 0.028
zeusmp/528350000000 100000001 2850 1497908 0.028 0.190
zeusmp/1378100000000 100000002 10238 2887041 0.102 0.355
soplex_pds/169750000000 100000000 2421495 16155226 24.215 14.989
soplex_pds/106350000000 100000002 2965702 16502483 29.657 17.971
soplex_pds/181700000000 100000000 2307835 16121130 23.078 14.316
soplex_pds/56600000000 100000003 2975900 17790795 29.759 16.727
soplex_pds/146850000000 100000001 2195700 16246656 21.957 13.515
soplex_pds/361500000000 100000007 2667565 15628695 26.676 17.068
bzip2_program/298550000000 100000006 1981636 13697506 19.816 14.467
bzip2_program/332900000000 100000000 714427 10787351 7.144 6.623
bzip2_program/339450000000 100000000 1220675 15042685 12.207 8.115
bzip2_program/577000000000 100000001 742501 19678441 7.425 3.773
bzip2_program/392450000000 100000003 1030930 15313067 10.309 6.732
bzip2_program/60550000000 100000000 139777 12606845 1.398 1.109
bzip2_program/169500000000 100000001 959594 14673172 9.596 6.540
cactusADM/5200000000 100000005 958 148167 0.010 0.647
astar_biglakes/98500000000 100000003 127469 13366871 1.275 0.954
astar_biglakes/363300000000 100000003 5355252 18962087 53.553 28.242
astar_biglakes/181850000000 100000006 256332 13358367 2.563 1.919
gcc_200/40600000000 100000007 50723 25251782 0.507 0.201
gcc_200/45750000000 100000000 826185 20860772 8.262 3.960
gcc_200/102700000000 100000003 2302951 19754549 23.030 11.658
gcc_200/105250000000 100000005 1867848 20173665 18.678 9.259
gcc_typeck/43500000000 100000001 25499 25467076 0.255 0.100
gcc_typeck/66050000000 100000000 20895 23953309 0.209 0.087
gcc_typeck/151200000000 100000003 1666720 18934926 16.667 8.802
calculix/4666800000000 100000004 21628 8065989 0.216 0.268
calculix/1820300000000 100000004 21476 8065915 0.215 0.266
bwaves/1437800000000 100000001 161302 6238082 1.613 2.586
sphinx3/3453800000000 100000002 429650 9500553 4.296 4.522
sphinx3/3102350000000 100000005 398573 9400981 3.986 4.240
sphinx3/2544400000000 100000003 487344 9658840 4.873 5.046
sphinx3/1800250000000 100000003 480748 9713242 4.807 4.949
sphinx3/435700000000 100000006 608578 10232393 6.086 5.948
sphinx3/1843050000000 100000007 457399 9699373 4.574 4.716
sphinx3/2109400000000 100000000 477927 9673969 4.779 4.940
bzip2_source/140700000000 100000002 782830 11233975 7.828 6.968
bzip2_source/139400000000 100000007 2694329 15160234 26.943 17.772
bzip2_source/252200000000 100000002 458764 8218087 4.588 5.582
bzip2_source/193500000000 100000005 1836632 13292895 18.366 13.817
bzip2_source/294950000000 100000005 1181371 12778981 11.814 9.245
bzip2_source/228500000000 100000004 1379064 12271993 13.791 11.237
perlbench_diffmail/30400000000 100000000 52887 17556780 0.529 0.301
gromacs/245900000000 100000004 1230956 8161034 12.310 15.083
gromacs/1283150000000 100000004 27490 1181041 0.275 2.328
gromacs/1584200000000 100000000 35489 1670297 0.355 2.125
gromacs/1334300000000 100000001 15382 312352 0.154 4.925
perlbench_splitmail/332250000000 100000007 80258 19500030 0.803 0.412
perlbench_splitmail/432700000000 100000004 48446 22065911 0.484 0.220
soplex_ref/160950000000 100000002 1196137 15201018 11.961 7.869
soplex_ref/319350000000 100000006 1002813 13662572 10.028 7.340
soplex_ref/334000000000 100000006 1134769 13693826 11.348 8.287
soplex_ref/235500000000 100000005 879505 14084223 8.795 6.245
soplex_ref/150800000000 100000000 1049915 13747756 10.499 7.637
soplex_ref/164800000000 100000001 692974 14572723 6.930 4.755
soplex_ref/131850000000 100000002 1058305 15018408 10.583 7.047
gcc_cpdecl/44550000000 100000002 86434 21878440 0.864 0.395
gcc_cpdecl/39050000000 100000003 22269 23921850 0.223 0.093
gcc_cpdecl/113200000000 50000004 830041 9888189 16.601 8.394
gobmk_13x13/36150000000 100000006 2002245 17268240 20.022 11.595
gobmk_13x13/7900000000 100000000 2186381 16340263 21.864 13.380
gobmk_13x13/96400000000 100000007 2365886 16029107 23.659 14.760
gobmk_13x13/48150000000 100000000 2197576 15547109 21.976 14.135
gobmk_13x13/132950000000 100000007 2246508 16640123 22.465 13.501
gcc_expr/28800000000 100000002 24867 25410606 0.249 0.098
gcc_expr/50350000000 100000000 15826 24018503 0.158 0.066
gcc_expr/200000000 0 0 0 0 0
gcc_expr2/170300000000 100000006 2006282 19578618 20.063 10.247
gcc_expr2/41300000000 100000002 30219 25467188 0.302 0.119
gcc_expr2/66600000000 100000003 21726 24044169 0.217 0.090
gobmk_score2/243600000000 100000000 1840307 16002464 18.403 11.500
gobmk_score2/98750000000 100000006 1875299 16883168 18.753 11.108
gobmk_score2/245200000000 100000003 1982029 16457452 19.820 12.043
gobmk_score2/272900000000 100000004 1676737 16891298 16.767 9.927
gobmk_score2/262550000000 100000000 2399319 15438610 23.993 15.541
gobmk_score2/210050000000 100000004 1486182 21759005 14.862 6.830
gobmk_score2/16350000000 100000004 2536929 20777649 25.369 12.210
sjeng/2746950000000 100000001 1204194 17786484 12.042 6.770
sjeng/495500000000 100000004 1464812 18291787 14.648 8.008
sjeng/1439300000000 100000000 1302679 18203726 13.027 7.156
sjeng/473050000000 100000002 1338024 18451956 13.380 7.251
tonto/742600000000 100000004 53791 6257071 0.538 0.860
tonto/1834850000000 100000002 63484 11770807 0.635 0.539
tonto/1516450000000 100000004 133490 7984081 1.335 1.672
libquantum/128700000000 100000000 132 31336907 0.001 0.000
libquantum/207950000000 100000000 180 36796608 0.002 0.000
libquantum/1151350000000 100000004 192 32454990 0.002 0.001
libquantum/987350000000 100000001 807 38550569 0.008 0.002
libquantum/894300000000 100000004 1440 34963758 0.014 0.004
libquantum/601050000000 100000002 20370 31478468 0.204 0.065
bzip2_html/241000000000 100000003 891301 12090333 8.913 7.372
bzip2_html/428600000000 100000001 20711 12478070 0.207 0.166
bzip2_html/858350000000 100000007 1022650 12074374 10.226 8.470
bzip2_liberty/106600000000 100000002 1219 12499908 0.012 0.010
bzip2_liberty/145750000000 100000000 963254 16986060 9.633 5.671
h264ref_sss/2534300000000 100000002 112979 7411241 1.130 1.524
h264ref_sss/3709150000000 100000002 114249 7505863 1.142 1.522
h264ref_sss/3807750000000 100000005 117295 7657858 1.173 1.532
perlbench_checkspam/697850000000 100000005 585135 19035370 5.851 3.074
perlbench_checkspam/959450000000 100000000 214466 19628852 2.145 1.093
perlbench_checkspam/8850000000 100000001 919537 19125366 9.195 4.808
perlbench_checkspam/880050000000 100000004 1020905 18653481 10.209 5.473
perlbench_checkspam/307550000000 100000005 579112 18569047 5.791 3.119
