29
dealII 19999982.000000 34407.238281 3547289.250000 1.720366 0.969858 
bzip2 19999992.000000 193986.671875 3102224.750000 9.699298 6.282048 
povray 20000002.000000 21693.613281 3015625.250000 1.084569 0.720585 
astar 20000010.000000 451122.250000 3546641.000000 22.556183 11.191185 
gcc 19999992.000000 43373.839844 4268538.500000 2.168734 1.071094 
namd 19967652.000000 60050.558594 1273030.000000 3.004475 4.908781 
tonto 19999982.000000 20188.406250 1863476.500000 1.009358 1.036004 
gromacs 20000042.000000 58571.812500 780442.062500 2.928613 6.863423 
omnetpp 20000002.000000 124632.250000 5007058.500000 6.231683 2.566182 
perlbench 20000002.000000 43800.781250 4718415.500000 2.189969 0.998558 
bwaves 20000004.000000 235.679947 2380935.250000 0.012053 0.037589 
gobmk 19999996.000000 390414.062500 3454873.250000 19.520687 11.337755 
mcf 19999962.000000 388238.000000 5068668.000000 19.412003 7.531524 
h264ref 19999998.000000 21386.679688 1688700.125000 1.069364 1.191925 
GemsFDTD 20000044.000000 23.841324 353190.937500 0.001187 0.008937 
hmmer 20000010.000000 10779.074219 1166711.625000 0.538984 0.911970 
milc 19999962.000000 357.205017 1456744.875000 0.017964 0.028763 
xalancbmk 19999982.000000 36295.304688 5829994.500000 1.814609 0.651661 
cactusADM 19999986.000000 480.433502 34214.917969 0.024119 1.796714 
soplex 19999992.000000 212508.515625 3444224.500000 10.625391 6.106704 
zeusmp 20000042.000000 130.276825 546836.437500 0.006585 0.030292 
sphinx3 20000040.000000 39816.261719 1901294.375000 1.990893 2.074680 
wrf 20000022.000000 1280.900513 1092354.750000 0.064036 0.097320 
leslie3d 19999964.000000 360.405365 1195781.375000 0.018086 0.028224 
libquantum 20000042.000000 5517.453125 6589672.500000 0.275892 0.084101 
sjeng 20000022.000000 182099.703125 4149941.250000 9.104974 4.388618 
gamess 19999986.000000 9711.913086 1439347.125000 0.485627 0.665424 
lbm 20000062.000000 2108.934814 279986.781250 0.105635 0.772682 
calculix 20000002.000000 27388.988281 1875861.125000 1.369418 0.592136 
