1062
calculix/53440000000 20000007 5604 1633310 0.280 0.343
calculix/685020000000 20000000 553 1612485 0.028 0.034
calculix/457760000000 20000003 549 1612485 0.027 0.034
calculix/42500000000 20000000 539 1612414 0.027 0.033
calculix/623260000000 20000000 546 1612484 0.027 0.034
calculix/2128420000000 20000003 3108 1620840 0.155 0.192
calculix/5730920000000 20000004 570 1612496 0.028 0.035
calculix/1291460000000 20000004 5470 1630377 0.273 0.336
calculix/4186300000000 20000003 432830 5648561 21.641 7.663
calculix/4139600000000 20000001 2467 1159926 0.123 0.213
calculix/2150320000000 20000000 4082 1623827 0.204 0.251
calculix/1523600000000 20000002 26655 2024602 1.333 1.317
calculix/5569460000000 20000003 5358 1633594 0.268 0.328
calculix/2801660000000 20000000 45311 2778673 2.266 1.631
calculix/495560000000 20000004 25041 2258992 1.252 1.109
calculix/2669540000000 20000007 519 1612420 0.026 0.032
calculix/3346160000000 20000001 20229 2727502 1.011 0.742
calculix/1050940000000 20000007 5985 1638023 0.299 0.365
calculix/4250980000000 20000003 31773 2171864 1.589 1.463
calculix/5696160000000 20000001 138436 6910521 6.922 2.003
calculix/1358180000000 20000003 601 1001029 0.030 0.060
calculix/199540000000 20000006 5701 1633326 0.285 0.349
calculix/3655500000000 20000002 2447 1081234 0.122 0.226
calculix/5472820000000 20000004 2153 1099713 0.108 0.196
h264ref_foreman.main/375700000000 20000006 39360 1992267 1.968 1.976
h264ref_foreman.main/325160000000 20000000 36521 1896701 1.826 1.926
h264ref_foreman.main/9540000000 20000001 22131 1555377 1.107 1.423
h264ref_foreman.main/66740000000 20000006 26520 1807019 1.326 1.468
h264ref_foreman.main/424220000000 20000004 16094 1215328 0.805 1.324
h264ref_foreman.main/59380000000 20000001 31602 1725315 1.580 1.832
h264ref_foreman.main/117520000000 20000003 5892 3152677 0.295 0.187
h264ref_foreman.main/470440000000 20000004 12593 1122258 0.630 1.122
h264ref_foreman.main/31480000000 20000004 37784 1887652 1.889 2.002
h264ref_foreman.main/422660000000 20000000 14346 1831140 0.717 0.783
h264ref_foreman.main/275700000000 20000004 10662 1207994 0.533 0.883
h264ref_foreman.main/79540000000 20000001 33258 1689765 1.663 1.968
h264ref_foreman.main/67820000000 20000003 50892 1831902 2.545 2.778
h264ref_foreman.main/415860000000 20000004 27182 1362586 1.359 1.995
h264ref_foreman.main/442720000000 20000002 40167 1746462 2.008 2.300
h264ref_foreman.main/42240000000 20000003 27597 1894724 1.380 1.457
h264ref_foreman.main/211260000000 20000005 62797 2233492 3.140 2.812
h264ref_foreman.main/422580000000 20000004 23796 1911055 1.190 1.245
perlbench_checkspam/101080000000 20000006 60201 4708151 3.010 1.279
perlbench_checkspam/753420000000 20000004 108630 3945528 5.431 2.753
perlbench_checkspam/285700000000 20000000 104189 4278899 5.209 2.435
perlbench_checkspam/304640000000 20000004 48367 4084535 2.418 1.184
perlbench_checkspam/6800000000 20000006 53516 4871059 2.676 1.099
perlbench_checkspam/471300000000 20000004 47287 4778430 2.364 0.990
perlbench_checkspam/1021760000000 20000000 34090 4472175 1.705 0.762
perlbench_checkspam/793520000000 20000004 43740 4739248 2.187 0.923
perlbench_checkspam/772900000000 20000006 71019 4853770 3.551 1.463
perlbench_checkspam/566380000000 20000006 53981 5009801 2.699 1.078
perlbench_checkspam/433720000000 20000003 91681 4149349 4.584 2.210
perlbench_checkspam/907560000000 20000000 32373 4776722 1.619 0.678
perlbench_checkspam/114980000000 20000002 43559 5014859 2.178 0.869
perlbench_checkspam/657820000000 20000007 45376 4756841 2.269 0.954
perlbench_checkspam/1035480000000 20000000 54973 5005144 2.749 1.098
perlbench_checkspam/804580000000 20000003 112442 3979369 5.622 2.826
perlbench_checkspam/841660000000 20000000 57614 4837357 2.881 1.191
perlbench_checkspam/864600000000 20000000 69297 4550093 3.465 1.523
perlbench_checkspam/5000000000 20000007 47070 3601221 2.353 1.307
perlbench_checkspam/160620000000 20000000 85862 4620212 4.293 1.858
perlbench_checkspam/362080000000 20000003 64969 4636279 3.248 1.401
perlbench_checkspam/558220000000 20000004 55424 4860285 2.771 1.140
perlbench_checkspam/1122060000000 20000000 38659 4463734 1.933 0.866
perlbench_checkspam/366580000000 20000000 111766 5079309 5.588 2.200
GemsFDTD/407020000000 20000006 18 458208 0.001 0.004
GemsFDTD/1337080000000 20000001 23 242091 0.001 0.010
GemsFDTD/1296600000000 20000005 19 458207 0.001 0.004
GemsFDTD/1193480000000 20000005 21 248188 0.001 0.008
GemsFDTD/962660000000 20000007 34 248341 0.002 0.014
GemsFDTD/1121140000000 20000002 24 457691 0.001 0.005
GemsFDTD/1253320000000 20000004 19 242091 0.001 0.008
GemsFDTD/1393460000000 20000006 21 248191 0.001 0.008
GemsFDTD/1474160000000 20000007 39 126132 0.002 0.031
GemsFDTD/1385160000000 20000007 18 458207 0.001 0.004
GemsFDTD/1274140000000 20000000 61 291268 0.003 0.021
GemsFDTD/1314740000000 20000002 42 121836 0.002 0.034
GemsFDTD/141980000000 20000005 21 457689 0.001 0.005
GemsFDTD/1551960000000 20000005 20 268227 0.001 0.007
GemsFDTD/1175660000000 20000004 20 248189 0.001 0.008
GemsFDTD/1368580000000 20000001 19 248233 0.001 0.008
GemsFDTD/1406240000000 20000001 25 242109 0.001 0.010
GemsFDTD/223040000000 20000005 19 268228 0.001 0.007
GemsFDTD/66060000000 20000003 18 278664 0.001 0.006
GemsFDTD/181860000000 20000000 21 248341 0.001 0.008
GemsFDTD/1041040000000 20000006 29 258372 0.001 0.011
GemsFDTD/1277700000000 20000006 40 120010 0.002 0.033
GemsFDTD/791780000000 20000000 21 248189 0.001 0.008
gobmk_score2/313420000000 20000005 282786 3411961 14.139 8.288
gobmk_score2/157760000000 20000005 371037 3830714 18.552 9.686
gobmk_score2/71560000000 20000001 309532 4429280 15.477 6.988
gobmk_score2/226800000000 20000005 374418 3679801 18.721 10.175
gobmk_score2/54480000000 20000000 362369 4310566 18.118 8.407
gobmk_score2/138080000000 20000003 272414 3382397 13.621 8.054
gobmk_score2/72060000000 20000000 212852 4547059 10.643 4.681
gobmk_score2/67640000000 20000002 182709 3710186 9.135 4.925
gobmk_score2/162060000000 20000004 235103 3671004 11.755 6.404
gobmk_score2/11900000000 20000004 390974 3717159 19.549 10.518
gobmk_score2/226680000000 20000005 461334 3367201 23.067 13.701
gobmk_score2/70840000000 20000000 471064 4089382 23.553 11.519
gobmk_score2/51400000000 20000000 363858 4167742 18.193 8.730
gobmk_score2/312020000000 20000001 413385 3465295 20.669 11.929
gobmk_score2/25180000000 20000007 407561 3662750 20.378 11.127
gamess_cytosine/594540000000 20000001 14395 2021335 0.720 0.712
gamess_cytosine/244420000000 20000006 18100 2154420 0.905 0.840
gamess_cytosine/198200000000 20000004 7683 1585001 0.384 0.485
gamess_cytosine/863180000000 20000006 10716 1994424 0.536 0.537
gamess_cytosine/1109900000000 20000006 19860 1753755 0.993 1.132
gamess_cytosine/338280000000 20000000 16902 1675786 0.845 1.009
gamess_cytosine/546160000000 20000001 22778 1972534 1.139 1.155
gamess_cytosine/304620000000 20000000 13375 1344974 0.669 0.994
gamess_cytosine/667340000000 20000006 8107 1195681 0.405 0.678
gamess_cytosine/948340000000 20000004 5518 1353673 0.276 0.408
gamess_cytosine/1062340000000 20000001 19513 1852539 0.976 1.053
gamess_cytosine/942760000000 20000005 8458 1528190 0.423 0.553
gamess_cytosine/555080000000 20000006 6506 1225889 0.325 0.531
gamess_cytosine/137200000000 20000003 15593 1527772 0.780 1.021
gamess_cytosine/342500000000 20000001 14532 2326241 0.727 0.625
gamess_cytosine/1094540000000 20000001 11290 1741960 0.564 0.648
gamess_cytosine/1210520000000 20000002 36307 1960519 1.815 1.852
gamess_cytosine/862700000000 20000000 22405 2066906 1.120 1.084
gamess_cytosine/989420000000 20000004 8325 1734061 0.416 0.480
gcc_200/95580000000 20000005 74866 4516804 3.743 1.657
gcc_200/115780000000 20000000 113275 4349386 5.664 2.604
gcc_200/23680000000 20000000 1677 4886024 0.084 0.034
gcc_200/8460000000 20000004 119550 4593946 5.977 2.602
gcc_200/85500000000 20000006 29822 3038999 1.491 0.981
gcc_200/48760000000 20000001 77650 5120983 3.882 1.516
gcc_200/56840000000 20000000 19267 6230621 0.963 0.309
gcc_200/121720000000 20000003 42565 3770688 2.128 1.129
gcc_200/5480000000 20000002 15805 3067947 0.790 0.515
gcc_200/112660000000 20000000 48118 4840677 2.406 0.994
gcc_200/23560000000 20000003 12679 3831146 0.634 0.331
gcc_200/44500000000 20000001 1328 5244553 0.066 0.025
gcc_200/101780000000 20000007 129196 4322284 6.460 2.989
gcc_200/87660000000 20000001 59346 4097754 2.967 1.448
gcc_200/106440000000 20000000 107298 3670198 5.365 2.923
gcc_200/134640000000 20000005 49172 2942286 2.459 1.671
gcc_200/76340000000 20000000 19500 3235859 0.975 0.603
gcc_200/38060000000 20000000 14237 5257458 0.712 0.271
gcc_200/71300000000 20000001 54201 5536705 2.710 0.979
gcc_200/112960000000 20000005 80616 4363166 4.031 1.848
gcc_200/29340000000 20000003 13524 4439516 0.676 0.305
gcc_200/62620000000 20000002 167296 5220721 8.365 3.204
perlbench_diffmail/1820000000 20000003 32663 3614462 1.633 0.904
perlbench_diffmail/30920000000 20000003 18446 3924491 0.922 0.470
perlbench_diffmail/339060000000 20000004 7602 4024573 0.380 0.189
perlbench_diffmail/320000000 20000006 18407 5108212 0.920 0.360
perlbench_diffmail/137420000000 20000006 2437 4565550 0.122 0.053
perlbench_diffmail/269100000000 20000002 50664 3748451 2.533 1.352
perlbench_diffmail/120000000 20000005 8247 3854300 0.412 0.214
perlbench_diffmail/79300000000 20000006 5559 4597908 0.278 0.121
perlbench_diffmail/420960000000 20000000 6 25416 0.000 0.024
perlbench_diffmail/20000000 20000003 3251 3558292 0.163 0.091
perlbench_diffmail/327120000000 20000001 15500 3665360 0.775 0.423
perlbench_diffmail/222200000000 20000000 19623 3924176 0.981 0.500
perlbench_diffmail/269500000000 20000007 73682 3542679 3.684 2.080
bzip2_liberty/24440000000 20000007 247 2856272 0.012 0.009
bzip2_liberty/162660000000 20000000 187 3166597 0.009 0.006
bzip2_liberty/98780000000 20000004 137791 2608197 6.890 5.283
bzip2_liberty/16400000000 20000003 38471 565658 1.924 6.801
bzip2_liberty/272860000000 20000006 98009 3690058 4.900 2.656
bzip2_liberty/1260000000 20000007 286992 3770220 14.350 7.612
bzip2_liberty/202000000000 20000000 194911 3182145 9.746 6.125
bzip2_liberty/81320000000 20000004 314352 3758304 15.718 8.364
bzip2_liberty/119740000000 20000000 95812 4031099 4.791 2.377
bzip2_liberty/270460000000 20000006 202985 3356832 10.149 6.047
bzip2_liberty/133320000000 20000001 374 2681829 0.019 0.014
bzip2_liberty/195460000000 20000004 4783 2730111 0.239 0.175
bzip2_liberty/63500000000 20000007 221830 3755752 11.091 5.906
bzip2_liberty/100760000000 20000005 180847 3062347 9.042 5.906
bzip2_liberty/77220000000 20000004 20626 2580641 1.031 0.799
bzip2_liberty/138680000000 20000001 105785 4031647 5.289 2.624
bzip2_liberty/291660000000 20000003 83604 2440395 4.180 3.426
bzip2_liberty/83160000000 20000000 3434 2129954 0.172 0.161
bzip2_liberty/144520000000 20000004 206937 3811026 10.347 5.430
bzip2_liberty/231480000000 20000001 52106 1228741 2.605 4.241
bzip2_liberty/280620000000 20000005 49992 3670858 2.500 1.362
bzip2_liberty/224920000000 20000005 731962 4055646 36.598 18.048
bzip2_liberty/138500000000 20000001 318035 3585608 15.902 8.870
bzip2_liberty/295900000000 20000006 60516 3692425 3.026 1.639
bzip2_liberty/92240000000 20000004 307 3166512 0.015 0.010
gcc_cpdecl/30260000000 20000000 9297 2115359 0.465 0.439
gcc_cpdecl/6060000000 20000001 16491 4394423 0.825 0.375
gcc_cpdecl/39720000000 20000002 10114 4535025 0.506 0.223
gcc_cpdecl/81260000000 20000002 5114 7236108 0.256 0.071
gcc_cpdecl/81840000000 20000001 59898 3902347 2.995 1.535
gcc_cpdecl/80040000000 20000000 84859 4524707 4.243 1.875
gcc_cpdecl/95500000000 20000001 57218 3732946 2.861 1.533
gcc_cpdecl/97480000000 20000000 13574 5806380 0.679 0.234
gcc_cpdecl/99860000000 20000003 50825 3110934 2.541 1.634
gcc_cpdecl/83120000000 20000000 15814 5255057 0.791 0.301
gcc_cpdecl/100600000000 20000006 139268 4278203 6.963 3.255
gcc_cpdecl/83980000000 20000002 13824 2294808 0.691 0.602
gcc_cpdecl/7620000000 20000003 4311 6429528 0.216 0.067
gcc_cpdecl/33320000000 20000004 24883 3696386 1.244 0.673
gcc_cpdecl/94860000000 20000001 153434 4167152 7.672 3.682
gcc_cpdecl/80780000000 20000005 83152 4200882 4.158 1.979
h264ref_sss/2685480000000 20000000 36799 1852287 1.840 1.987
h264ref_sss/4208420000000 20000005 600 3238270 0.030 0.019
h264ref_sss/2786580000000 20000005 17368 2038879 0.868 0.852
h264ref_sss/1662300000000 20000000 38674 2079388 1.934 1.860
h264ref_sss/1583160000000 20000004 35301 1889842 1.765 1.868
h264ref_sss/3757140000000 20000001 5862 1183905 0.293 0.495
h264ref_sss/3575260000000 20000003 37405 1801548 1.870 2.076
h264ref_sss/2283260000000 20000001 11000 1726050 0.550 0.637
h264ref_sss/2327920000000 20000000 16462 1325855 0.823 1.242
h264ref_sss/1967160000000 20000004 24045 2018486 1.202 1.191
h264ref_sss/931000000000 20000004 12097 1171707 0.605 1.032
h264ref_sss/3390920000000 20000001 5025 1095734 0.251 0.459
h264ref_sss/4061700000000 20000005 6392 1284311 0.320 0.498
h264ref_sss/3370760000000 20000001 49817 2017286 2.491 2.470
h264ref_sss/1964660000000 20000006 5211 1084077 0.261 0.481
h264ref_sss/4089780000000 20000003 13376 1729804 0.669 0.773
h264ref_sss/3191800000000 20000006 16075 1334860 0.804 1.204
h264ref_sss/121100000000 20000002 10700 1506828 0.535 0.710
h264ref_sss/178880000000 20000000 28738 1874177 1.437 1.533
h264ref_sss/1890300000000 20000001 10439 1605531 0.522 0.650
h264ref_sss/3038980000000 20000005 41727 2101041 2.086 1.986
h264ref_sss/651120000000 20000002 9365 1734846 0.468 0.540
h264ref_sss/1709120000000 20000001 13276 1746958 0.664 0.760
soplex_ref/15080000000 20000000 84561 5968117 4.228 1.417
soplex_ref/156420000000 20000006 3707 3079600 0.185 0.120
soplex_ref/121720000000 20000003 132780 3081625 6.639 4.309
soplex_ref/269880000000 20000000 134515 3117795 6.726 4.314
soplex_ref/58500000000 20000004 124242 3036433 6.212 4.092
soplex_ref/323880000000 20000001 9491 2984679 0.475 0.318
soplex_ref/122120000000 20000006 124761 2981941 6.238 4.184
soplex_ref/138220000000 20000005 189406 3193503 9.470 5.931
soplex_ref/302640000000 20000000 177092 3040227 8.855 5.825
soplex_ref/250240000000 20000001 109292 2979406 5.465 3.668
soplex_ref/64320000000 20000001 146033 2980129 7.302 4.900
soplex_ref/67100000000 20000006 65462 3104207 3.273 2.109
soplex_ref/127820000000 20000005 120610 2979047 6.030 4.049
soplex_ref/118920000000 20000001 133871 2927378 6.694 4.573
soplex_ref/6520000000 20000002 19254 5822600 0.963 0.331
soplex_ref/303180000000 20000002 43622 2896288 2.181 1.506
soplex_ref/302060000000 20000005 517 3660428 0.026 0.014
soplex_ref/137120000000 20000002 434 3348417 0.022 0.013
soplex_ref/67220000000 20000000 97114 2844799 4.856 3.414
soplex_ref/131220000000 20000003 135846 2979116 6.792 4.560
milc/141520000000 20000007 43 2069409 0.002 0.002
milc/407260000000 20000003 43 1189483 0.002 0.004
milc/92500000000 20000005 32 1095992 0.002 0.003
milc/813280000000 20000001 83 1346727 0.004 0.006
milc/239640000000 20000003 19 1034475 0.001 0.002
milc/264100000000 20000000 5575 1208671 0.279 0.461
milc/103620000000 20000002 33 1281582 0.002 0.003
milc/643080000000 20000002 67 1329927 0.003 0.005
milc/831840000000 20000001 83 1386574 0.004 0.006
milc/891800000000 20000005 19 1610863 0.001 0.001
milc/237060000000 20000001 64 2031671 0.003 0.003
milc/295200000000 20000002 30 1873258 0.001 0.002
milc/41660000000 20000001 9 624997 0.000 0.001
milc/449740000000 20000005 77 1280669 0.004 0.006
milc/365980000000 20000005 85 1346725 0.004 0.006
milc/54940000000 20000000 31 2406614 0.002 0.001
milc/744360000000 20000004 33 1116176 0.002 0.003
milc/234060000000 20000005 56 2040642 0.003 0.003
milc/283000000000 20000001 2198 1253674 0.110 0.175
milc/482400000000 20000005 21 1610864 0.001 0.001
milc/529340000000 20000000 17 1023883 0.001 0.002
milc/130880000000 20000002 34 1281582 0.002 0.003
milc/52140000000 20000000 475 2472686 0.024 0.019
lbm/686700000000 20000000 2260 369603 0.113 0.611
lbm/140000000 20000000 38218 1865022 1.911 2.049
lbm/106860000000 20000001 4039 260921 0.202 1.548
lbm/69500000000 20000005 1833 257505 0.092 0.712
lbm/409980000000 20000005 3903 260769 0.195 1.497
lbm/140840000000 20000000 1636 321398 0.082 0.509
lbm/728280000000 20000006 1533 230049 0.077 0.666
lbm/902180000000 20000004 1531 230530 0.077 0.664
lbm/928600000000 20000003 1361 253779 0.068 0.536
lbm/898260000000 20000001 1533 230526 0.077 0.665
lbm/975360000000 20000004 2641 1835179 0.132 0.144
lbm/52140000000 20000000 1533 230049 0.077 0.666
gobmk_13x13/206740000000 20000005 216195 3281283 10.810 6.589
gobmk_13x13/7040000000 20000003 482034 3331812 24.102 14.468
gobmk_13x13/155160000000 20000003 449103 3383572 22.455 13.273
gobmk_13x13/155040000000 20000004 392108 3432929 19.605 11.422
gobmk_13x13/40080000000 20000004 405285 3656772 20.264 11.083
gobmk_13x13/98440000000 20000002 485868 3508990 24.293 13.846
gobmk_13x13/198340000000 20000006 431647 3253857 21.582 13.266
gobmk_13x13/149260000000 20000007 428808 3247287 21.440 13.205
gobmk_13x13/12320000000 20000000 364868 3874708 18.243 9.417
gobmk_13x13/124180000000 20000000 401071 3586216 20.054 11.184
gobmk_13x13/239700000000 20000000 464151 3304709 23.208 14.045
gobmk_13x13/228100000000 20000001 195314 3234010 9.766 6.039
gobmk_13x13/123760000000 20000002 410493 3513297 20.525 11.684
gobmk_13x13/20000000 20000003 3252 3558292 0.163 0.091
gobmk_13x13/81600000000 20000003 471723 3648482 23.586 12.929
gobmk_13x13/158620000000 20000002 507159 3337632 25.358 15.195
gobmk_13x13/151300000000 20000007 353363 3764701 17.668 9.386
gobmk_13x13/119860000000 20000005 173913 3212894 8.696 5.413
xalancbmk/520040000000 20000001 22156 7257021 1.108 0.305
xalancbmk/567600000000 20000005 47245 5492399 2.362 0.860
xalancbmk/133280000000 20000000 55589 5689258 2.779 0.977
xalancbmk/654820000000 20000001 26688 5337542 1.334 0.500
xalancbmk/722680000000 20000000 22783 5788531 1.139 0.394
xalancbmk/52780000000 20000003 51640 5783143 2.582 0.893
xalancbmk/750360000000 20000000 49417 4669753 2.471 1.058
xalancbmk/944140000000 20000002 36323 6299670 1.816 0.577
xalancbmk/6780000000 20000002 42628 5311868 2.131 0.803
xalancbmk/661460000000 20000002 36464 6767689 1.823 0.539
xalancbmk/618220000000 20000001 29193 4388395 1.460 0.665
xalancbmk/688780000000 20000001 73882 4211435 3.694 1.754
xalancbmk/583360000000 20000003 44478 5056159 2.224 0.880
xalancbmk/902020000000 20000001 52237 5120705 2.612 1.020
xalancbmk/498540000000 20000004 8223 9258526 0.411 0.089
xalancbmk/930080000000 20000002 48992 5723761 2.450 0.856
xalancbmk/747620000000 20000003 53202 5076962 2.660 1.048
xalancbmk/266100000000 20000005 388 5732634 0.019 0.007
xalancbmk/911740000000 20000000 43377 5612529 2.169 0.773
xalancbmk/882220000000 20000002 46808 5715625 2.340 0.819
cactusADM/1176540000000 20000001 464 32331 0.023 1.435
cactusADM/585140000000 20000006 460 40030 0.023 1.149
cactusADM/515680000000 20000000 2824 3913476 0.141 0.072
cactusADM/1676840000000 20000006 462 40032 0.023 1.154
cactusADM/560000000 20000000 15459 2976668 0.773 0.519
cactusADM/849120000000 20000005 477 23273 0.024 2.050
gcc_expr2/82560000000 20000002 22387 4555857 1.119 0.491
gcc_expr2/33540000000 20000002 4618 6489094 0.231 0.071
gcc_expr2/150480000000 20000000 164757 4960454 8.238 3.321
gcc_expr2/49720000000 20000001 7434 5309566 0.372 0.140
gcc_expr2/97880000000 20000000 8789 2986653 0.439 0.294
gcc_expr2/124880000000 20000000 45539 2848679 2.277 1.599
gcc_expr2/127280000000 20000003 11440 5887759 0.572 0.194
gcc_expr2/69420000000 20000002 27175 3038407 1.359 0.894
gcc_expr2/1620000000 20000000 5177 7243097 0.259 0.071
gcc_expr2/5220000000 20000001 19533 2292923 0.977 0.852
gcc_expr2/121940000000 20000004 23346 3961230 1.167 0.589
gcc_expr2/19440000000 20000005 50696 3035878 2.535 1.670
gcc_expr2/77960000000 20000000 32968 3750801 1.648 0.879
gcc_expr2/420000000 20000006 63002 3978282 3.150 1.584
gcc_expr2/131160000000 20000003 4924 6491192 0.246 0.076
gcc_expr2/22360000000 20000000 5065 5301099 0.253 0.096
gcc_expr2/61380000000 20000001 7494 2099063 0.375 0.357
gcc_expr2/560000000 20000003 161692 4236139 8.085 3.817
gcc_expr2/29020000000 20000001 9965 4314200 0.498 0.231
gcc_expr2/110520000000 20000005 26164 4138955 1.308 0.632
gcc_expr/48500000000 20000001 13891 3119362 0.695 0.445
gcc_expr/95440000000 20000001 11306 5724050 0.565 0.198
gcc_expr/12020000000 20000000 32077 6535131 1.604 0.491
gcc_expr/90860000000 20000000 7092 5993996 0.355 0.118
gcc_expr/13300000000 20000000 4488 6462314 0.224 0.069
gcc_expr/94660000000 20000005 6725 6064234 0.336 0.111
gcc_expr/3680000000 20000002 21306 4281328 1.065 0.498
gcc_expr/18200000000 20000002 10004 5299103 0.500 0.189
gcc_expr/10100000000 20000002 10015 4241597 0.501 0.236
gcc_expr/2800000000 20000002 11637 2867293 0.582 0.406
gcc_expr/109220000000 20000006 52672 3231866 2.634 1.630
gcc_expr/80580000000 20000001 13694 2611025 0.685 0.524
gcc_expr/5300000000 20000001 1215 7256329 0.061 0.017
gcc_expr/47620000000 20000003 28064 3903702 1.403 0.719
gcc_expr/67820000000 20000001 11893 3079807 0.595 0.386
gcc_expr/100480000000 20000007 2777 3881476 0.139 0.072
gcc_expr/49260000000 20000001 54970 4231975 2.748 1.299
gcc_expr/460000000 20000001 86682 4088517 4.334 2.120
gcc_expr/50520000000 20000000 14436 4480878 0.722 0.322
gcc_expr/105160000000 20000005 34339 3084149 1.717 1.113
gcc_expr/700000000 20000005 125259 3767225 6.263 3.325
gcc_expr/44040000000 20000000 8454 2102737 0.423 0.402
bzip2_source/205180000000 20000005 277355 3121131 13.868 8.886
bzip2_source/30100000000 20000000 123737 2585029 6.187 4.787
bzip2_source/98660000000 20000000 386982 3192378 19.349 12.122
bzip2_source/414660000000 20000000 397205 3180276 19.860 12.490
bzip2_source/131540000000 20000001 38182 3241604 1.909 1.178
bzip2_source/52700000000 20000004 55335 671915 2.767 8.235
bzip2_source/175620000000 20000002 347510 3909883 17.375 8.888
bzip2_source/133180000000 20000000 256141 3020555 12.807 8.480
bzip2_source/105660000000 20000007 346322 3198007 17.316 10.829
bzip2_source/96880000000 20000004 528076 3424044 26.404 15.423
bzip2_source/292660000000 20000005 297755 3534449 14.888 8.424
bzip2_source/90520000000 20000006 177642 3871845 8.882 4.588
bzip2_source/61840000000 20000005 12602 1746431 0.630 0.722
bzip2_source/207880000000 20000000 38366 2539701 1.918 1.511
bzip2_source/154780000000 20000005 290513 4277308 14.526 6.792
bzip2_source/59940000000 20000002 105598 2729800 5.280 3.868
bzip2_source/386320000000 20000000 20917 909282 1.046 2.300
bzip2_source/105300000000 20000001 162716 2073996 8.136 7.846
bzip2_source/85340000000 20000000 20175 2441982 1.009 0.826
bzip2_source/254300000000 20000001 34995 2837530 1.750 1.233
bzip2_source/11140000000 20000002 102755 967765 5.138 10.618
bzip2_source/193540000000 20000000 199766 1757506 9.988 11.366
bzip2_source/316420000000 20000001 516849 3305044 25.842 15.638
wrf/985200000000 20000002 7965 1420685 0.398 0.561
wrf/2160640000000 20000000 94 376634 0.005 0.025
wrf/2443400000000 20000001 470 764363 0.023 0.061
wrf/1127960000000 20000007 141 1032935 0.007 0.014
wrf/2111540000000 20000004 147 982172 0.007 0.015
wrf/1440920000000 20000006 47 445635 0.002 0.011
wrf/1348740000000 20000007 224 956079 0.011 0.023
wrf/540040000000 20000006 3175 2625887 0.159 0.121
wrf/2040680000000 20000001 234 1042887 0.012 0.022
wrf/470300000000 20000003 3220 765503 0.161 0.421
wrf/514280000000 20000001 268 510074 0.013 0.053
wrf/1289840000000 20000004 10773 1803302 0.539 0.597
wrf/797820000000 20000005 447 928384 0.022 0.048
wrf/906600000000 20000002 205 830632 0.010 0.025
wrf/353660000000 20000001 4497 1137193 0.225 0.395
wrf/1458220000000 20000004 102 515071 0.005 0.020
wrf/377580000000 20000000 295 815528 0.015 0.036
wrf/2861700000000 20000004 104 797253 0.005 0.013
wrf/1385920000000 20000001 392 1066047 0.020 0.037
wrf/1420780000000 20000005 328 1106799 0.016 0.030
wrf/1916220000000 20000006 1401 1559388 0.070 0.090
wrf/989780000000 20000004 3291 939296 0.165 0.350
wrf/593900000000 20000004 2807 2155059 0.140 0.130
wrf/892360000000 20000006 36 949132 0.002 0.004
zeusmp/477220000000 20000007 75 254070 0.004 0.030
zeusmp/460160000000 20000007 139 1119303 0.007 0.012
zeusmp/222540000000 20000004 129 759162 0.006 0.017
zeusmp/1479840000000 20000003 23 878175 0.001 0.003
zeusmp/1198720000000 20000007 137 633810 0.007 0.022
zeusmp/135260000000 20000000 86 155227 0.004 0.055
zeusmp/1151360000000 20000003 76 291535 0.004 0.026
zeusmp/105680000000 20000003 25 409167 0.001 0.006
zeusmp/503100000000 20000001 53 504419 0.003 0.011
zeusmp/205520000000 20000003 258 606199 0.013 0.043
zeusmp/1394020000000 20000002 62 492275 0.003 0.013
zeusmp/702580000000 20000002 257 602883 0.013 0.043
zeusmp/463080000000 20000006 137 606544 0.007 0.023
zeusmp/1206560000000 20000000 54 654167 0.003 0.008
zeusmp/824240000000 20000001 53 693308 0.003 0.008
zeusmp/715620000000 20000006 89 685725 0.004 0.013
zeusmp/742900000000 20000000 141 622442 0.007 0.023
zeusmp/581760000000 20000005 22 409165 0.001 0.005
zeusmp/382440000000 20000004 26 964023 0.001 0.003
zeusmp/1152000000000 20000000 23 155694 0.001 0.015
zeusmp/1537040000000 20000006 85 740572 0.004 0.011
zeusmp/694700000000 20000000 192 227857 0.010 0.084
zeusmp/1040160000000 20000000 92 740564 0.005 0.012
zeusmp/1069300000000 20000001 101 485937 0.005 0.021
zeusmp/313800000000 20000000 84 732136 0.004 0.011
gobmk_nngs/374620000000 20000004 608946 3342192 30.447 18.220
gobmk_nngs/302460000000 20000003 428236 3727202 21.412 11.489
gobmk_nngs/130440000000 20000004 230700 3214331 11.535 7.177
gobmk_nngs/611960000000 20000002 584757 3498652 29.238 16.714
gobmk_nngs/144000000000 20000005 468985 3406854 23.449 13.766
gobmk_nngs/566700000000 20000004 351424 3387651 17.571 10.374
gobmk_nngs/286100000000 20000002 362026 3704029 18.101 9.774
gobmk_nngs/609420000000 20000004 356916 3457834 17.846 10.322
gobmk_nngs/621400000000 20000003 201734 3186690 10.087 6.331
gobmk_nngs/155280000000 20000001 281352 3510959 14.068 8.014
gobmk_nngs/86660000000 20000000 431715 3422265 21.586 12.615
gobmk_nngs/79440000000 20000000 308873 3298760 15.444 9.363
gobmk_nngs/320360000000 20000003 341819 3230448 17.091 10.581
gobmk_nngs/290580000000 20000003 656478 3355959 32.824 19.562
gobmk_nngs/206180000000 20000002 322043 3506328 16.102 9.185
gobmk_nngs/244880000000 20000003 438392 3510348 21.920 12.489
gobmk_nngs/378380000000 20000007 195560 3260829 9.778 5.997
gobmk_nngs/445640000000 20000004 581936 3321336 29.097 17.521
gobmk_nngs/264540000000 20000000 469289 3824436 23.464 12.271
gobmk_nngs/465140000000 20000003 522759 3328229 26.138 15.707
gobmk_nngs/207820000000 20000000 344651 3540093 17.233 9.736
astar_rivers/535400000000 20000004 203593 3167714 10.180 6.427
astar_rivers/320000000 20000001 320563 3254057 16.028 9.851
astar_rivers/163460000000 20000002 600581 4061397 30.029 14.788
astar_rivers/186100000000 20000004 69100 3076586 3.455 2.246
astar_rivers/430840000000 20000000 165208 3170491 8.260 5.211
astar_rivers/67200000000 20000001 1089234 4332125 54.462 25.143
astar_rivers/503560000000 20000000 192134 3108590 9.607 6.181
astar_rivers/291520000000 20000002 81322 3046259 4.066 2.670
gromacs/1444680000000 20000001 7895 1116412 0.395 0.707
gromacs/87200000000 20000000 5476 66545 0.274 8.229
gromacs/1336080000000 20000002 5072 67953 0.254 7.464
gromacs/1438400000000 20000003 9171 693255 0.459 1.323
gromacs/99780000000 20000000 5266 67766 0.263 7.771
gromacs/291240000000 20000001 8206 169292 0.410 4.847
gromacs/1165240000000 20000003 7188 234375 0.359 3.067
gromacs/43200000000 20000002 4164 67800 0.208 6.142
gromacs/285380000000 20000007 179601 1798547 8.980 9.986
gromacs/275480000000 20000000 13094 229461 0.655 5.706
gromacs/1428240000000 20000003 8769 1138514 0.438 0.770
gromacs/1276440000000 20000006 193659 1894341 9.683 10.223
gromacs/1442160000000 20000003 11421 1033995 0.571 1.105
gromacs/510860000000 20000002 55018 2831957 2.751 1.943
gromacs/308060000000 20000001 143595 3506944 7.180 4.095
gromacs/1092740000000 20000004 201026 1848740 10.051 10.874
gromacs/776220000000 20000000 5422 67818 0.271 7.995
gromacs/1354900000000 20000001 5800 67966 0.290 8.534
gromacs/162360000000 20000000 5287 67893 0.264 7.787
gromacs/1428080000000 20000002 6952 430393 0.348 1.615
bzip2_html/182340000000 20000004 311525 3222924 15.576 9.666
bzip2_html/417040000000 20000001 104469 3133179 5.223 3.334
bzip2_html/647680000000 20000003 31299 2080941 1.565 1.504
bzip2_html/68060000000 20000000 24705 1926777 1.235 1.282
bzip2_html/281880000000 20000000 287989 3135493 14.399 9.185
bzip2_html/257340000000 20000002 229387 3115417 11.469 7.363
bzip2_html/65840000000 20000001 56519 1689054 2.826 3.346
bzip2_html/56260000000 20000001 328972 3812017 16.449 8.630
bzip2_html/327700000000 20000002 191466 3122580 9.573 6.132
bzip2_html/62360000000 20000003 278220 3133307 13.911 8.879
bzip2_html/673720000000 20000001 12272 1149927 0.614 1.067
bzip2_html/456220000000 20000002 217201 4186165 10.860 5.189
bzip2_html/372860000000 20000003 310495 3189196 15.525 9.736
bzip2_html/284260000000 20000001 325179 3249933 16.259 10.006
bzip2_html/383420000000 20000006 45190 2921367 2.259 1.547
bzip2_html/391000000000 20000005 171021 3065017 8.551 5.580
bzip2_html/112100000000 20000001 44809 2904593 2.240 1.543
bzip2_html/404800000000 20000000 135011 3114794 6.751 4.335
bzip2_html/407620000000 20000001 33100 3155228 1.655 1.049
bzip2_html/29080000000 20000007 9456 3160822 0.473 0.299
bzip2_html/375840000000 20000000 47650 2923625 2.383 1.630
bzip2_html/217180000000 20000000 167823 3363611 8.391 4.989
bzip2_html/205440000000 20000003 57620 3264615 2.881 1.765
bwaves/221360000000 20000000 1090 692198 0.055 0.157
bwaves/422200000000 20000000 95 2484681 0.005 0.004
bwaves/1217200000000 20000001 81 3100848 0.004 0.003
bwaves/1538880000000 20000005 43 826346 0.002 0.005
bwaves/983020000000 20000000 58 2074725 0.003 0.003
bwaves/452260000000 20000005 38 826334 0.002 0.005
bwaves/297900000000 20000003 44 826334 0.002 0.005
bwaves/630620000000 20000003 45 826334 0.002 0.005
bwaves/1534160000000 20000001 70 964619 0.003 0.007
bwaves/691380000000 20000002 73 1755866 0.004 0.004
bwaves/217100000000 20000004 39 826334 0.002 0.005
bwaves/1196500000000 20000002 20 55544 0.001 0.036
bwaves/1657400000000 20000000 47 826333 0.002 0.006
bwaves/142400000000 20000002 98 3765971 0.005 0.003
bwaves/1051940000000 20000001 20 55544 0.001 0.036
bwaves/1003220000000 20000006 14 707781 0.001 0.002
bwaves/78500000000 20000000 96 2578942 0.005 0.004
bwaves/429440000000 20000005 46 826334 0.002 0.006
bwaves/561000000000 20000002 74 1295560 0.004 0.006
bwaves/518780000000 20000000 120 3961235 0.006 0.003
bwaves/114900000000 20000002 4345 444708 0.217 0.977
bwaves/1299540000000 20000005 93 2696792 0.005 0.003
bwaves/1013800000000 20000004 62 2876589 0.003 0.002
libquantum/1233900000000 20000007 4561 3844108 0.228 0.119
libquantum/1200080000000 20000001 49 4907419 0.002 0.001
libquantum/500420000000 20000002 22035 6920803 1.102 0.318
libquantum/458340000000 20000001 7036 6847642 0.352 0.103
libquantum/905760000000 20000002 488 6573962 0.024 0.007
libquantum/626480000000 20000002 7552 7092921 0.378 0.106
libquantum/27840000000 20000003 73 7591664 0.004 0.001
libquantum/1230640000000 20000000 26 4615333 0.001 0.001
libquantum/589640000000 20000003 3335 5516531 0.167 0.060
libquantum/883520000000 20000005 402 7836967 0.020 0.005
libquantum/295580000000 20000004 79 7573285 0.004 0.001
libquantum/67100000000 20000006 65 5813488 0.003 0.001
libquantum/910460000000 20000007 198 7796417 0.010 0.003
libquantum/1166300000000 20000004 145 7575324 0.007 0.002
libquantum/3260000000 20000004 72 7190682 0.004 0.001
libquantum/1006500000000 20000000 9482 5881129 0.474 0.161
libquantum/1108760000000 20000003 99 5860768 0.005 0.002
libquantum/1232740000000 20000000 5 3333297 0.000 0.000
libquantum/1194900000000 20000003 148 7215025 0.007 0.002
gcc_g23/124260000000 20000002 9681 2672545 0.484 0.362
gcc_g23/124020000000 20000004 44434 4068170 2.222 1.092
gcc_g23/195280000000 20000007 267572 4035854 13.379 6.630
gcc_g23/97120000000 20000005 25469 4529969 1.273 0.562
gcc_g23/38480000000 20000000 1057 7269281 0.053 0.015
gcc_g23/97200000000 20000005 23427 3873812 1.171 0.605
gcc_g23/132300000000 20000005 15438 6124274 0.772 0.252
gcc_g23/36000000000 20000005 6420 4095843 0.321 0.157
gcc_g23/123120000000 20000001 56135 4355506 2.807 1.289
gcc_g23/79200000000 20000001 4436 5291783 0.222 0.084
gcc_g23/46060000000 20000003 9287 4250653 0.464 0.218
gcc_g23/87740000000 20000002 7984 2110176 0.399 0.378
gcc_g23/121840000000 20000002 6250 2075497 0.312 0.301
gcc_g23/171520000000 20000007 4362 6251430 0.218 0.070
gcc_g23/29280000000 20000005 14133 2796236 0.707 0.505
gcc_g23/196040000000 20000004 195384 3909621 9.769 4.998
gcc_g23/1740000000 20000005 20041 2876447 1.002 0.697
gcc_g23/157240000000 20000006 1488 6642781 0.074 0.022
gcc_g23/52180000000 20000000 4090 6527564 0.205 0.063
povray/383320000000 20000005 9577 3157346 0.479 0.303
povray/868200000000 20000002 4065 2992748 0.203 0.136
povray/868980000000 20000007 6213 2931361 0.311 0.212
povray/629800000000 20000001 23196 2947551 1.160 0.787
povray/700480000000 20000003 39345 3060830 1.967 1.285
povray/83460000000 20000000 6096 3052739 0.305 0.200
povray/477940000000 20000000 18996 2996701 0.950 0.634
povray/820220000000 20000000 15280 3002526 0.764 0.509
povray/400040000000 20000001 15690 3001612 0.784 0.523
povray/16460000000 20000007 2690 3171392 0.134 0.085
povray/57340000000 20000003 3907 3194895 0.195 0.122
povray/503240000000 20000001 7449 2897004 0.372 0.257
povray/355160000000 20000006 11030 3005035 0.551 0.367
povray/498760000000 20000000 32665 3003227 1.633 1.088
povray/682680000000 20000001 32308 2906823 1.615 1.111
povray/176660000000 20000000 52844 3031362 2.642 1.743
povray/286600000000 20000000 31512 3068118 1.576 1.027
povray/958520000000 20000004 3128 2969297 0.156 0.105
povray/497300000000 20000005 15975 2998068 0.799 0.533
povray/582080000000 20000001 43506 2958835 2.175 1.470
perlbench_splitmail/283760000000 20000002 9137 6129804 0.457 0.149
perlbench_splitmail/292580000000 20000001 17087 4655948 0.854 0.367
perlbench_splitmail/26380000000 20000001 17532 3619626 0.877 0.484
perlbench_splitmail/678660000000 20000001 9460 6136758 0.473 0.154
perlbench_splitmail/139100000000 20000004 9242 6111283 0.462 0.151
perlbench_splitmail/68380000000 20000000 42936 3813403 2.147 1.126
perlbench_splitmail/563380000000 20000000 24741 5648604 1.237 0.438
perlbench_splitmail/439320000000 20000000 76915 4203612 3.846 1.830
perlbench_splitmail/30180000000 20000003 51837 648842 2.592 7.989
perlbench_splitmail/71420000000 20000000 36462 3820406 1.823 0.954
perlbench_splitmail/437860000000 20000005 38017 4434738 1.901 0.857
perlbench_splitmail/621920000000 20000004 20082 5820226 1.004 0.345
perlbench_splitmail/120300000000 20000002 39912 4619024 1.996 0.864
perlbench_splitmail/496260000000 20000000 9862 6129853 0.493 0.161
perlbench_splitmail/572540000000 20000001 9161 6105702 0.458 0.150
perlbench_splitmail/505620000000 20000001 26638 4487433 1.332 0.594
perlbench_splitmail/419080000000 20000000 9113 6136547 0.456 0.149
bzip2_combined/52480000000 20000003 135829 1142557 6.791 11.888
bzip2_combined/237920000000 20000000 117024 4014348 5.851 2.915
bzip2_combined/84760000000 20000002 90905 2776932 4.545 3.274
bzip2_combined/34740000000 20000000 420439 4494646 21.022 9.354
bzip2_combined/86980000000 20000005 161694 2095971 8.085 7.715
bzip2_combined/296940000000 20000000 335124 3187839 16.756 10.513
bzip2_combined/105460000000 20000000 215822 2829778 10.791 7.627
bzip2_combined/237240000000 20000002 192539 3743187 9.627 5.144
bzip2_combined/63140000000 20000000 403686 3301462 20.184 12.227
bzip2_combined/112720000000 20000001 300286 3325784 15.014 9.029
bzip2_combined/189240000000 20000006 19648 3160522 0.982 0.622
bzip2_combined/31120000000 20000004 127496 3029851 6.375 4.208
bzip2_combined/46940000000 20000004 269809 3748309 13.490 7.198
bzip2_combined/36000000000 20000000 36135 2334784 1.807 1.548
bzip2_combined/151780000000 20000000 505177 4315898 25.259 11.705
bzip2_combined/131260000000 20000004 436713 4645450 21.836 9.401
bzip2_combined/15420000000 20000000 376435 3200079 18.822 11.763
bzip2_combined/189720000000 20000004 43471 2872343 2.174 1.513
bzip2_combined/6520000000 20000000 53333 667267 2.667 7.993
bzip2_combined/109280000000 20000000 265137 2745378 13.257 9.658
bzip2_combined/97500000000 20000000 67099 3180949 3.355 2.109
bzip2_combined/309080000000 20000001 110429 1029804 5.521 10.723
bzip2_combined/5260000000 20000001 489827 3220714 24.491 15.209
leslie3d/484040000000 20000004 933 1498638 0.047 0.062
leslie3d/845560000000 20000005 452 1447815 0.023 0.031
leslie3d/245680000000 20000001 932 1822511 0.047 0.051
leslie3d/545640000000 20000006 187 1006529 0.009 0.019
leslie3d/629940000000 20000002 193 1005846 0.010 0.019
leslie3d/787980000000 20000001 134 1717882 0.007 0.008
leslie3d/1561140000000 20000000 937 1509617 0.047 0.062
leslie3d/1701380000000 20000002 569 1919656 0.028 0.030
leslie3d/898580000000 20000002 199 1602482 0.010 0.012
leslie3d/1114980000000 20000000 592 1347532 0.030 0.044
leslie3d/1115080000000 20000003 465 1153812 0.023 0.040
leslie3d/1149420000000 20000007 291 1026668 0.015 0.028
leslie3d/1013300000000 20000006 239 1045610 0.012 0.023
leslie3d/1511680000000 20000000 198 1603343 0.010 0.012
leslie3d/1568100000000 20000007 118 1573674 0.006 0.007
leslie3d/668340000000 20000001 210 1045486 0.010 0.020
leslie3d/816240000000 20000005 180 1006601 0.009 0.018
leslie3d/440260000000 20000003 556 1229311 0.028 0.045
leslie3d/50400000000 20000003 188 1026748 0.009 0.018
leslie3d/1756120000000 20000003 211 1026708 0.011 0.021
leslie3d/238260000000 20000005 1359 1672859 0.068 0.081
leslie3d/172960000000 20000000 454 1263127 0.023 0.036
leslie3d/1227940000000 20000004 232 1045502 0.012 0.022
leslie3d/991240000000 20000000 555 1919616 0.028 0.029
leslie3d/1688300000000 20000001 724 1486297 0.036 0.049
sphinx3/1663080000000 20000000 32079 1844682 1.604 1.739
sphinx3/1554000000000 20000002 29892 1824451 1.495 1.638
sphinx3/2010340000000 20000002 42065 1897578 2.103 2.217
sphinx3/1540460000000 20000007 21501 1786128 1.075 1.204
sphinx3/312660000000 20000001 72295 2111216 3.615 3.424
sphinx3/2357940000000 20000002 49934 1926444 2.497 2.592
sphinx3/1960000000 20000006 32650 4370851 1.632 0.747
sphinx3/632340000000 20000000 50564 1903739 2.528 2.656
sphinx3/1198520000000 20000000 38649 1843377 1.932 2.097
sphinx3/2706260000000 20000006 30098 1865174 1.505 1.614
sphinx3/293360000000 20000006 78345 2104632 3.917 3.723
sphinx3/2976140000000 20000001 37975 1931623 1.899 1.966
sphinx3/1384200000000 20000000 36708 1871622 1.835 1.961
sphinx3/829140000000 20000004 43573 1889980 2.179 2.305
sphinx3/940860000000 20000001 43129 1901067 2.156 2.269
sphinx3/2230860000000 20000004 37198 1906241 1.860 1.951
sphinx3/2187720000000 20000002 22993 1804514 1.150 1.274
sphinx3/2790960000000 20000005 25294 1801395 1.265 1.404
sphinx3/1743460000000 20000005 26799 1808354 1.340 1.482
sphinx3/2247340000000 20000004 51272 2027684 2.564 2.529
sphinx3/661640000000 20000004 43454 1915342 2.173 2.269
sphinx3/801820000000 20000003 45321 1923972 2.266 2.356
hmmer_retro/1078660000000 20000006 13981 1196580 0.699 1.168
hmmer_retro/0 20000002 3257 3558302 0.163 0.092
hmmer_retro/1602800000000 20000005 12251 1184086 0.613 1.035
hmmer_retro/355320000000 20000006 17898 1222624 0.895 1.464
hmmer_retro/1608680000000 20000002 12899 1179308 0.645 1.094
hmmer_retro/316480000000 20000000 13460 1184226 0.673 1.137
hmmer_retro/918840000000 20000005 14742 1191935 0.737 1.237
hmmer_retro/25300000000 20000007 14981 1202507 0.749 1.246
omnetpp/17660000000 20000001 17510 8319711 0.875 0.210
omnetpp/492740000000 20000001 128995 4847681 6.450 2.661
omnetpp/322760000000 20000006 129682 4844025 6.484 2.677
omnetpp/21620000000 20000007 10671 9661045 0.534 0.110
gcc_scilab/40300000000 20000000 184711 4300023 9.236 4.296
gcc_scilab/21200000000 20000004 54828 5012824 2.741 1.094
gcc_scilab/5740000000 20000007 74744 3545835 3.737 2.108
gcc_scilab/53780000000 20000004 150892 4302854 7.545 3.507
gcc_scilab/48540000000 20000001 194272 4333159 9.714 4.483
gcc_scilab/26040000000 20000002 56227 3175824 2.811 1.770
gcc_scilab/19160000000 20000006 95938 4159156 4.797 2.307
gcc_scilab/19080000000 20000000 101085 4266518 5.054 2.369
gcc_scilab/6780000000 20000004 53359 4229820 2.668 1.261
gcc_scilab/11340000000 20000002 60800 3810775 3.040 1.595
gcc_scilab/44240000000 20000003 58627 4225009 2.931 1.388
gcc_scilab/39280000000 20000005 109279 4559482 5.464 2.397
gcc_scilab/40760000000 20000002 138889 4198542 6.944 3.308
gcc_scilab/14660000000 20000006 54184 3575452 2.709 1.515
gcc_scilab/22300000000 20000006 69687 4329365 3.484 1.610
gcc_scilab/23080000000 20000003 102396 4216565 5.120 2.428
gcc_scilab/13440000000 20000000 58438 3553334 2.922 1.645
gcc_scilab/25000000000 20000001 87982 4040318 4.399 2.178
gcc_scilab/42840000000 20000007 122147 4211010 6.107 2.901
gcc_scilab/29100000000 20000000 26277 5954046 1.314 0.441
gcc_scilab/15540000000 20000001 81346 3864072 4.067 2.105
gcc_typeck/100040000000 20000001 2151 2017742 0.108 0.107
gcc_typeck/14080000000 20000006 83776 4377119 4.189 1.914
gcc_typeck/135380000000 20000004 87449 4410158 4.372 1.983
gcc_typeck/10500000000 20000004 47193 3976043 2.360 1.187
gcc_typeck/25660000000 20000000 1638 7252779 0.082 0.023
gcc_typeck/74900000000 20000001 10967 4557132 0.548 0.241
gcc_typeck/0 20000003 3249 3558292 0.162 0.091
gcc_typeck/125880000000 20000000 21128 2444352 1.056 0.864
gcc_typeck/96220000000 20000001 4566 2085083 0.228 0.219
gcc_typeck/19620000000 20000001 67715 4076975 3.386 1.661
gcc_typeck/40680000000 20000005 4073 5300589 0.204 0.077
gcc_typeck/32260000000 20000001 12401 4301111 0.620 0.288
gcc_typeck/33380000000 20000005 23230 6582215 1.161 0.353
gcc_typeck/91420000000 20000004 46295 3573350 2.315 1.296
gcc_typeck/58280000000 20000002 9474 2111332 0.474 0.449
gcc_typeck/140120000000 20000002 117994 4321259 5.900 2.731
gcc_typeck/139400000000 20000002 19151 5487217 0.958 0.349
gcc_typeck/61820000000 20000006 34668 4271032 1.733 0.812
gcc_typeck/34100000000 20000005 4988 6463701 0.249 0.077
gcc_typeck/23820000000 20000001 6762 4629811 0.338 0.146
gcc_typeck/85100000000 20000002 7457 3149115 0.373 0.237
gcc_typeck/1740000000 20000007 179364 3305470 8.968 5.426
gcc_typeck/17260000000 20000000 42410 3315371 2.120 1.279
namd/1066080000000 20000001 60148 1155690 3.007 5.205
namd/1482420000000 20000002 57399 1477374 2.870 3.885
namd/1389580000000 20000003 44114 894132 2.206 4.934
namd/1012680000000 20000005 64884 1007295 3.244 6.441
namd/1351100000000 20000001 68607 1105673 3.430 6.205
namd/1335520000000 20000002 71183 1446981 3.559 4.919
namd/1579780000000 20000002 67410 1692975 3.370 3.982
namd/674460000000 20000002 60419 979565 3.021 6.168
namd/538520000000 20000007 52411 1153035 2.621 4.545
namd/273360000000 20000005 45336 1009675 2.267 4.490
namd/100000000 10000000 11945 1185123 1.195 1.008
namd/1094260000000 20000002 39914 651571 1.996 6.126
namd/434640000000 20000006 57811 1730292 2.891 3.341
namd/788940000000 20000006 52442 937505 2.622 5.594
namd/216340000000 20000002 61457 1368946 3.073 4.489
namd/1426420000000 20000004 72224 1410310 3.611 5.121
namd/1570680000000 20000000 48238 767407 2.412 6.286
namd/1183000000000 20000004 71832 1441904 3.592 4.982
namd/830780000000 20000000 61362 1187158 3.068 5.169
namd/1047360000000 20000000 69416 1459385 3.471 4.757
gamess_triazolium/2224960000000 20000006 48 1432321 0.002 0.003
gamess_triazolium/202340000000 20000005 6775 1361699 0.339 0.498
gamess_triazolium/3002220000000 20000004 5425 1369451 0.271 0.396
gamess_triazolium/626420000000 20000000 6687 975610 0.334 0.685
gamess_triazolium/809180000000 20000007 7272 1253532 0.364 0.580
gamess_triazolium/1203500000000 20000003 5235 1224838 0.262 0.427
gamess_triazolium/3260440000000 20000004 10816 1261850 0.541 0.857
gamess_triazolium/2354560000000 20000001 12009 1105063 0.600 1.087
gamess_triazolium/1946300000000 20000003 6664 1226042 0.333 0.544
gamess_triazolium/3336680000000 20000003 5357 1195138 0.268 0.448
gamess_triazolium/3316840000000 20000002 7902 1742580 0.395 0.453
gamess_triazolium/1814820000000 20000005 3795 1266713 0.190 0.300
gamess_triazolium/3089800000000 20000003 6395 1252498 0.320 0.511
gamess_triazolium/710080000000 20000002 5754 1253016 0.288 0.459
gamess_triazolium/1116340000000 20000000 13060 1073366 0.653 1.217
gamess_triazolium/1222420000000 20000003 7715 1497259 0.386 0.515
gamess_triazolium/3295980000000 20000005 13346 2081771 0.667 0.641
gamess_triazolium/468080000000 20000003 6503 1266860 0.325 0.513
gamess_triazolium/3160000000 20000000 5748 1190203 0.287 0.483
gamess_triazolium/931300000000 20000004 16273 1298344 0.814 1.253
gamess_triazolium/1086180000000 20000001 9989 1652325 0.499 0.605
gamess_triazolium/3847420000000 20000004 8399 1659147 0.420 0.506
astar_biglakes/122060000000 20000007 78857 3060791 3.943 2.576
astar_biglakes/5500000000 20000001 222217 3128539 11.111 7.103
astar_biglakes/226920000000 20000000 170422 3130153 8.521 5.445
astar_biglakes/243500000000 20000005 185015 3071364 9.251 6.024
astar_biglakes/259480000000 20000005 1622 3763527 0.081 0.043
astar_biglakes/181920000000 20000001 183068 3028207 9.153 6.045
astar_biglakes/314000000000 20000000 724626 4040576 36.231 17.934
astar_biglakes/9940000000 20000001 622998 5838000 31.150 10.671
astar_biglakes/10080000000 20000002 702561 5871054 35.128 11.967
astar_biglakes/67320000000 20000002 582645 4117899 29.132 14.149
astar_biglakes/22020000000 20000005 1178795 4324111 58.940 27.261
astar_biglakes/3180000000 20000001 9957 2948781 0.498 0.338
soplex_pds-50/4400000000 20000006 300990 4514498 15.049 6.667
soplex_pds-50/880000000 20000000 31654 5182480 1.583 0.611
soplex_pds-50/142220000000 20000000 254702 3319209 12.735 7.674
soplex_pds-50/166040000000 20000001 272909 3788290 13.645 7.204
soplex_pds-50/79180000000 20000004 475704 3821483 23.785 12.448
soplex_pds-50/267600000000 20000006 256699 3627757 12.835 7.076
soplex_pds-50/15900000000 20000000 231475 3157351 11.574 7.331
soplex_pds-50/35700000000 20000005 492225 3880890 24.611 12.683
soplex_pds-50/51620000000 20000004 388522 3818844 19.426 10.174
soplex_pds-50/197380000000 20000001 272274 3573784 13.614 7.619
soplex_pds-50/137280000000 20000000 296609 3901593 14.830 7.602
soplex_pds-50/107520000000 20000001 482937 3834022 24.147 12.596
soplex_pds-50/303960000000 20000003 268867 3727376 13.443 7.213
soplex_pds-50/266900000000 20000000 301527 3107925 15.076 9.702
gobmk_trevorc/145820000000 20000005 426221 3289786 21.311 12.956
gobmk_trevorc/236340000000 20000002 504223 3261167 25.211 15.461
gobmk_trevorc/174680000000 20000001 491782 3376408 24.589 14.565
gobmk_trevorc/73120000000 20000002 409616 3599584 20.481 11.380
gobmk_trevorc/227060000000 20000001 458614 3562927 22.931 12.872
gobmk_trevorc/244460000000 20000000 423987 3727473 21.199 11.375
gobmk_trevorc/19320000000 20000000 433431 3564820 21.672 12.159
gobmk_trevorc/47880000000 20000003 241906 3309554 12.095 7.309
gobmk_trevorc/208720000000 20000000 420567 3829639 21.028 10.982
gobmk_trevorc/179260000000 20000002 578521 3364816 28.926 17.193
gobmk_trevorc/119800000000 20000007 178597 3263818 8.930 5.472
gobmk_trevorc/118380000000 20000007 349983 3526758 17.499 9.924
gobmk_trevorc/42180000000 20000002 154883 3281494 7.744 4.720
gobmk_trevorc/14480000000 20000007 305065 3624031 15.253 8.418
gobmk_trevorc/71180000000 20000003 634197 3387280 31.710 18.723
gobmk_trevorc/167780000000 20000000 388592 3528923 19.430 11.012
gobmk_trevorc/10220000000 20000000 297416 4391128 14.871 6.773
gobmk_trevorc/125680000000 20000005 198204 3362172 9.910 5.895
gobmk_trevord/212980000000 20000005 433432 3762360 21.672 11.520
gobmk_trevord/310200000000 20000000 419146 3250672 20.957 12.894
gobmk_trevord/191520000000 20000002 346049 3675941 17.302 9.414
gobmk_trevord/84780000000 20000004 131862 3152030 6.593 4.183
gobmk_trevord/307200000000 20000002 460845 3308992 23.042 13.927
gobmk_trevord/258420000000 20000002 270273 3490627 13.514 7.743
gobmk_trevord/169440000000 20000000 110807 3126510 5.540 3.544
gobmk_trevord/0 20000003 3255 3558292 0.163 0.091
gobmk_trevord/147400000000 20000004 201363 3275461 10.068 6.148
gobmk_trevord/333800000000 20000007 369423 3437433 18.471 10.747
gobmk_trevord/185260000000 20000007 328048 3581735 16.402 9.159
gobmk_trevord/253220000000 20000004 481642 3770849 24.082 12.773
gobmk_trevord/205400000000 20000006 189694 3306809 9.485 5.736
gobmk_trevord/131260000000 20000003 130681 3154493 6.534 4.143
gobmk_trevord/336900000000 20000001 612880 3395984 30.644 18.047
gobmk_trevord/64620000000 20000002 208944 3215910 10.447 6.497
gobmk_trevord/356100000000 20000001 421102 3349147 21.055 12.573
gobmk_trevord/321120000000 20000001 207874 3466818 10.394 5.996
gobmk_trevord/34840000000 20000000 332386 3688146 16.619 9.012
gobmk_trevord/25120000000 20000005 398476 3213816 19.924 12.399
gobmk_trevord/224820000000 20000001 307757 3896359 15.388 7.899
gobmk_trevord/39200000000 20000004 528682 3541458 26.434 14.928
gamess_gradient/361900000000 20000004 12008 1675611 0.600 0.717
gamess_gradient/625060000000 20000002 10284 1570512 0.514 0.655
gamess_gradient/737100000000 20000002 10366 1404600 0.518 0.738
gamess_gradient/908760000000 20000006 9279 1634284 0.464 0.568
gamess_gradient/330520000000 20000006 8757 1088384 0.438 0.805
gamess_gradient/344080000000 20000000 2997 645579 0.150 0.464
gamess_gradient/650760000000 20000007 5903 1174583 0.295 0.503
gamess_gradient/581840000000 20000004 9656 1357676 0.483 0.711
gamess_gradient/90360000000 20000005 8610 1418018 0.430 0.607
gamess_gradient/850060000000 20000000 17132 1520634 0.857 1.127
gamess_gradient/354980000000 20000002 4937 1062422 0.247 0.465
gamess_gradient/808680000000 20000005 3345 967259 0.167 0.346
gamess_gradient/708460000000 20000006 3578 1127055 0.179 0.317
gamess_gradient/373200000000 20000004 3973 1604250 0.199 0.248
gamess_gradient/464100000000 20000006 8253 1487838 0.413 0.555
gamess_gradient/904380000000 20000002 13019 1685872 0.651 0.772
gamess_gradient/954640000000 20000001 7630 1659772 0.381 0.460
gamess_gradient/542220000000 20000000 3787 681822 0.189 0.555
gamess_gradient/509620000000 20000004 7989 864218 0.399 0.924
gamess_gradient/944420000000 20000004 16622 1826419 0.831 0.910
gamess_gradient/749160000000 20000005 6393 708132 0.320 0.903
gamess_gradient/560360000000 20000005 7422 1239523 0.371 0.599
gamess_gradient/825080000000 20000007 19479 1474980 0.974 1.321
dealII/447460000000 20000005 1199 6253489 0.060 0.019
dealII/351520000000 20000005 1275 5870875 0.064 0.022
dealII/665680000000 20000001 82509 2499973 4.125 3.300
dealII/902680000000 20000003 149640 7990574 7.482 1.873
dealII/1011220000000 20000000 2169 2886218 0.108 0.075
dealII/1060000000 20000000 26278 1953018 1.314 1.346
dealII/701740000000 20000000 2133 2342607 0.107 0.091
dealII/1256080000000 20000007 67651 3597885 3.383 1.880
dealII/694660000000 20000006 3056 2643970 0.153 0.116
dealII/4220000000 20000004 4576 2015224 0.229 0.227
dealII/1514020000000 20000001 76698 2499973 3.835 3.068
dealII/82860000000 20000002 90183 4345065 4.509 2.076
dealII/18640000000 20000007 3765 2364175 0.188 0.159
dealII/175280000000 20000005 8411 2146545 0.421 0.392
dealII/655640000000 20000007 31813 1861154 1.591 1.709
dealII/76240000000 20000001 2066 2389953 0.103 0.086
h264ref_foreman.baseline/507460000000 20000005 15640 2231739 0.782 0.701
h264ref_foreman.baseline/211680000000 20000001 54802 2435800 2.740 2.250
h264ref_foreman.baseline/64820000000 20000002 1740 931120 0.087 0.187
h264ref_foreman.baseline/7060000000 20000002 18002 1787768 0.900 1.007
h264ref_foreman.baseline/527100000000 20000000 1332 917758 0.067 0.145
h264ref_foreman.baseline/248640000000 20000006 8609 1508104 0.430 0.571
h264ref_foreman.baseline/539520000000 20000007 33322 2123428 1.666 1.569
h264ref_foreman.baseline/339380000000 20000007 42589 2514458 2.129 1.694
h264ref_foreman.baseline/276120000000 20000006 34350 2532405 1.717 1.356
h264ref_foreman.baseline/243900000000 20000004 13958 1819287 0.698 0.767
h264ref_foreman.baseline/335560000000 20000006 4789 1202942 0.239 0.398
h264ref_foreman.baseline/180360000000 20000002 14357 1278320 0.718 1.123
h264ref_foreman.baseline/263440000000 20000000 3133 3247120 0.157 0.096
h264ref_foreman.baseline/179040000000 20000000 22339 1807090 1.117 1.236
h264ref_foreman.baseline/334740000000 20000000 19429 1971671 0.971 0.985
h264ref_foreman.baseline/130080000000 20000000 2468 1161999 0.123 0.212
h264ref_foreman.baseline/377400000000 20000002 24656 2558704 1.233 0.964
h264ref_foreman.baseline/367460000000 20000002 11793 1044016 0.590 1.130
h264ref_foreman.baseline/470760000000 20000000 17311 1505503 0.866 1.150
h264ref_foreman.baseline/298320000000 20000004 50031 2441842 2.502 2.049
tonto/608600000000 20000000 59346 2224013 2.967 2.668
tonto/438360000000 20000000 8796 2316931 0.440 0.380
tonto/2009760000000 20000003 15847 1748486 0.792 0.906
tonto/895400000000 20000002 30559 2198498 1.528 1.390
tonto/692880000000 20000000 13584 1453905 0.679 0.934
tonto/1893140000000 20000001 11384 1826437 0.569 0.623
tonto/803260000000 20000001 6128 2025340 0.306 0.303
tonto/2315180000000 20000002 10517 2227221 0.526 0.472
tonto/1727100000000 20000000 3459 2063271 0.173 0.168
tonto/2044720000000 20000002 7231 1720375 0.362 0.420
tonto/2133820000000 20000007 8637 1153943 0.432 0.748
tonto/754820000000 20000000 16049 1353458 0.802 1.186
tonto/1280120000000 20000005 5438 1238649 0.272 0.439
tonto/1471940000000 20000003 35319 2346913 1.766 1.505
tonto/80720000000 20000003 30 2508906 0.001 0.001
tonto/2312500000000 20000000 40662 1943946 2.033 2.092
tonto/611700000000 20000005 62227 2323344 3.111 2.678
tonto/2212000000000 20000002 21537 1711389 1.077 1.258
tonto/1359320000000 20000002 13406 1681319 0.670 0.797
tonto/1167380000000 20000001 43300 2059299 2.165 2.103
tonto/1126700000000 20000002 9125 1808877 0.456 0.504
tonto/2054700000000 20000000 4251 2057264 0.213 0.207
gcc_166/77780000000 20000003 15425 5373109 0.771 0.287
gcc_166/18020000000 20000001 16399 4486619 0.820 0.366
gcc_166/3740000000 20000001 5767 4466021 0.288 0.129
gcc_166/50840000000 20000000 8029 5302832 0.401 0.151
gcc_166/4480000000 20000000 18185 3826491 0.909 0.475
gcc_166/76580000000 20000005 44343 4334379 2.217 1.023
gcc_166/19980000000 20000000 13723 4449943 0.686 0.308
gcc_166/54600000000 20000000 11963 2177609 0.598 0.549
gcc_166/31840000000 20000000 155798 3982869 7.790 3.912
gcc_166/42160000000 20000006 10554 3913867 0.528 0.270
gcc_166/29840000000 20000004 16351 2507988 0.818 0.652
gcc_166/2120000000 20000000 2286 7249700 0.114 0.032
gcc_166/80440000000 20000007 13713 3922467 0.686 0.350
gcc_166/33340000000 20000000 13849 6061520 0.692 0.228
gcc_166/35280000000 20000006 21610 3313344 1.080 0.652
gcc_166/42900000000 20000005 4264 3461091 0.213 0.123
gcc_166/4380000000 20000001 4601 6012503 0.230 0.077
gcc_166/40720000000 20000002 58757 4420604 2.938 1.329
sjeng/1150220000000 20000006 158459 3954499 7.923 4.007
sjeng/1299020000000 20000002 189700 4144779 9.485 4.577
sjeng/107880000000 20000007 195382 4099198 9.769 4.766
sjeng/1004480000000 20000002 157827 4043948 7.891 3.903
sjeng/2476700000000 20000002 177814 3869657 8.891 4.595
sjeng/555720000000 20000000 168174 4132967 8.409 4.069
sjeng/1303820000000 20000007 164750 4232597 8.237 3.892
sjeng/418680000000 20000007 184444 4196774 9.222 4.395
sjeng/1903080000000 20000000 194152 4134611 9.708 4.696
sjeng/2272220000000 20000000 182956 4258152 9.148 4.297
sjeng/850620000000 20000002 160597 3965528 8.030 4.050
sjeng/402880000000 20000004 164908 4129580 8.245 3.993
sjeng/2070700000000 20000004 203444 4086562 10.172 4.978
sjeng/2497640000000 20000003 171814 4131554 8.591 4.159
sjeng/2272100000000 20000007 185320 4172480 9.266 4.441
sjeng/1738400000000 20000000 193337 4255286 9.667 4.543
hmmer_nph3/264160000000 20000000 5676 1138749 0.284 0.498
hmmer_nph3/394300000000 20000006 3711 1113353 0.186 0.333
hmmer_nph3/684160000000 20000003 5216 1128076 0.261 0.462
hmmer_nph3/0 20000003 3252 3558292 0.163 0.091
hmmer_nph3/30220000000 20000005 4282 1117056 0.214 0.383
hmmer_nph3/458040000000 20000000 941 1095012 0.047 0.086
hmmer_nph3/375820000000 20000007 2682 1107735 0.134 0.242
hmmer_nph3/259920000000 20000001 941 1094809 0.047 0.086
hmmer_nph3/530640000000 20000001 3939 1116898 0.197 0.353
bzip2_chicken/2600000000 20000001 104510 3972888 5.225 2.631
bzip2_chicken/14040000000 20000001 89601 3972944 4.480 2.255
bzip2_chicken/133900000000 20000003 231672 3674042 11.584 6.306
bzip2_chicken/33620000000 20000002 225838 2632921 11.292 8.577
bzip2_chicken/9480000000 20000005 427744 2934385 21.387 14.577
bzip2_chicken/90220000000 20000004 289398 3698135 14.470 7.826
bzip2_chicken/85420000000 20000000 102937 3997900 5.147 2.575
bzip2_chicken/11700000000 20000003 405855 3000966 20.293 13.524
bzip2_chicken/40200000000 20000001 97686 3977002 4.884 2.456
bzip2_chicken/49680000000 20000001 417055 2931133 20.853 14.228
bzip2_chicken/52620000000 20000000 107127 3977929 5.356 2.693
bzip2_chicken/21340000000 20000003 87072 2036215 4.354 4.276
bzip2_chicken/1960000000 20000000 400721 2903858 20.036 13.800
bzip2_chicken/63280000000 20000006 5485 2728502 0.274 0.201
bzip2_chicken/14280000000 20000002 10725 2465973 0.536 0.435
bzip2_chicken/9680000000 20000005 90922 3972737 4.546 2.289
bzip2_chicken/51540000000 20000006 4126 2088517 0.206 0.198
bzip2_chicken/146020000000 20000002 388 3166557 0.019 0.012
bzip2_chicken/36640000000 20000000 221953 2633163 11.098 8.429
bzip2_chicken/81700000000 20000003 94 2329420 0.005 0.004
bzip2_chicken/25240000000 20000001 105933 3971957 5.297 2.667
bzip2_chicken/4940000000 20000002 39302 566130 1.965 6.942
bzip2_chicken/120340000000 20000006 344 2925306 0.017 0.012
bzip2_chicken/168120000000 20000001 25512 472533 1.276 5.399
bzip2_chicken/161480000000 20000007 351 3166510 0.018 0.011
bzip2_chicken/42900000000 20000000 88711 3977075 4.436 2.231
bzip2_chicken/23340000000 20000005 94095 3972621 4.705 2.369
bzip2_chicken/100620000000 20000000 309633 3637793 15.482 8.512
gcc_s04/70620000000 20000001 12358 4011909 0.618 0.308
gcc_s04/2440000000 20000005 8606 3469068 0.430 0.248
gcc_s04/131480000000 20000000 1401 2010060 0.070 0.070
gcc_s04/156440000000 20000000 16170 5771030 0.808 0.280
gcc_s04/121720000000 20000002 11359 3121526 0.568 0.364
gcc_s04/129120000000 20000000 6438 2695175 0.322 0.239
gcc_s04/166860000000 20000000 13899 2664648 0.695 0.522
gcc_s04/15380000000 20000003 5724 6291840 0.286 0.091
gcc_s04/93540000000 20000007 10543 4628697 0.527 0.228
gcc_s04/176120000000 20000003 111819 4268047 5.591 2.620
gcc_s04/67760000000 20000003 5352 2063856 0.268 0.259
gcc_s04/61480000000 20000003 8114 2096068 0.406 0.387
gcc_s04/11260000000 20000002 9266 4382721 0.463 0.211
gcc_s04/28940000000 20000002 3352 5313762 0.168 0.063
gcc_s04/150800000000 20000005 14698 5671351 0.735 0.259
gcc_s04/158460000000 20000001 10454 5162559 0.523 0.202
gcc_s04/153500000000 20000005 24216 3211518 1.211 0.754
gcc_s04/122580000000 20000002 6070 2688790 0.303 0.226
gcc_s04/142540000000 20000001 8644 2385360 0.432 0.362
gcc_s04/118080000000 20000006 9327 3219312 0.466 0.290
gcc_s04/1420000000 20000005 97311 4311209 4.866 2.257
gcc_s04/4380000000 20000001 1600 7262148 0.080 0.022
gcc_s04/2140000000 20000001 128353 5465462 6.418 2.348
mcf/210760000000 20000001 5294 5328704 0.265 0.099
mcf/143040000000 20000000 484573 6272859 24.229 7.725
mcf/183260000000 20000000 532666 5385829 26.633 9.890
mcf/17520000000 20000007 256692 2940083 12.835 8.731
mcf/320000000 20000004 4986 4986627 0.249 0.100
mcf/102780000000 20000000 138234 3313852 6.912 4.171
mcf/191500000000 20000004 390382 5692675 19.519 6.858
mcf/86060000000 20000003 111877 6193347 5.594 1.806
mcf/5500000000 20000000 315893 3200893 15.795 9.869
mcf/167160000000 20000000 244421 4472067 12.221 5.466
mcf/202860000000 20000000 353758 6549915 17.688 5.401
mcf/231360000000 20000005 679384 5591093 33.969 12.151
mcf/145140000000 20000001 508309 6178333 25.415 8.227
mcf/281100000000 20000005 12 1999980 0.001 0.001
mcf/210600000000 20000000 17 3333297 0.001 0.001
mcf/275220000000 20000001 584260 6692566 29.213 8.730
mcf/106080000000 20000003 130291 3248511 6.515 4.011
mcf/34620000000 20000001 290513 3582390 14.526 8.109
mcf/213000000000 20000000 331810 3726637 16.591 8.904
mcf/133620000000 20000000 480090 5755579 24.005 8.341
mcf/204680000000 20000007 397065 6763970 19.853 5.870
mcf/140980000000 20000004 405278 5992779 20.264 6.763
mcf/175120000000 20000000 180982 3460464 9.049 5.230
mcf/206000000000 20000000 416105 6930834 20.805 6.004
bzip2_program/199220000000 20000001 43488 665865 2.174 6.531
bzip2_program/80800000000 20000004 139279 4008345 6.964 3.475
bzip2_program/67540000000 20000000 423716 3229014 21.186 13.122
bzip2_program/25700000000 20000000 147363 4035559 7.368 3.652
bzip2_program/185980000000 20000001 223104 3090533 11.155 7.219
bzip2_program/325100000000 20000001 17577 2907996 0.879 0.604
bzip2_program/416800000000 20000000 40901 2863054 2.045 1.429
bzip2_program/359020000000 20000002 309586 3120518 15.479 9.921
bzip2_program/71680000000 20000000 264196 4079300 13.210 6.477
bzip2_program/259720000000 20000005 252208 1599260 12.610 15.770
bzip2_program/95420000000 20000007 320755 2404490 16.038 13.340
bzip2_program/301140000000 20000000 4979 2373936 0.249 0.210
bzip2_program/87900000000 20000001 328144 3015108 16.407 10.883
bzip2_program/144540000000 20000000 219234 2891074 10.962 7.583
bzip2_program/33360000000 20000001 49260 664504 2.463 7.413
bzip2_program/270040000000 20000003 385567 3331700 19.278 11.573
bzip2_program/546560000000 20000002 138463 4013572 6.923 3.450
bzip2_program/439580000000 20000001 265775 3860696 13.289 6.884
bzip2_program/368080000000 20000006 43848 2678903 2.192 1.637
bzip2_program/357940000000 20000005 134093 2274454 6.705 5.896
bzip2_program/338540000000 20000004 22113 3595665 1.106 0.615
bzip2_program/301780000000 20000003 126093 4006693 6.305 3.147
bzip2_program/386060000000 20000000 304508 3642657 15.225 8.360
bzip2_program/374080000000 20000001 286632 3068823 14.332 9.340
