55
gromacs 23185259 66358 13608 18629616 39555 0 0 24792412 927845 68056 0 814 772199 32040803 19653943 1635506 452793 24253780 1231284 5907 556616 0 3125767 17913244 
hmmer_nph3 21625095 69274 16175 1050344 6918 0 53 2190448 64896 1558 0 2692 58571 1230565 1684296 1805070 1248569 16711834 3004259 2035 1130862 0 147576 105470 
gobmk_trevorc 32929553 234493 69198 13854119 758521 0 59595 15785711 6195531 414358 0 471108 21101 1041184 1959310 1706224 528486 9801878 345786 5481 617842 0 15463822 1993894 
hmmer_retro 22462643 33123 13081 1181893 3751 0 0 2585680 224861 62 0 704 36889 1239399 1457409 952474 554210 7230117 2986856 591 546900 0 1137122 175848 
leslie3d 22476116 24395 6115 9979175 967 0 0 7090959 7566 41915 0 415 13488 24710297 5406419 7421212 2949251 74485632 5873975 6066 2803737 0 12842 2802891 
bzip2_source 33549024 24191 5227 98045519 128579 0 0 17928335 4014848 317672 0 1015 13534 3268528 6513204 9550339 1929556 41161865 2751660 1391 2298973 0 15326345 2870328 
gcc_expr2 22182042 365992 642157 28213919 124425 0 8827 17477146 684930 55472 0 74852 709915 3385426 10592253 5889291 2397829 43270821 3702263 372541 30376539 0 1980699 822835 
lbm 21728185 18332 9148 7793409 190 0 273 13196028 33927 30 0 133 36920 22648608 106988234 200087 124054 6914127 2982361 7802 2476042 0 141194 6424097 
gcc_s04 21432229 140087 113725 24171100 38166 0 12458 16575655 382285 45867 0 22590 213647 5182104 10783245 8310154 3642070 59321986 3214025 384308 84872579 0 1209471 531758 
h264ref_foreman.baseline 22150586 148143 15750 7153744 12226 0 561 8016048 360832 550945 0 5516 14909 1702581 2451738 3964092 337869 9012286 787108 478 1992869 0 1377665 202978 
perlbench_diffmail 21747395 264728 111904 93154579 59731 0 19407 12237354 413128 106628 0 38329 73478 2186649 1896648 4101596 356245 6452167 1582953 6219 349797 0 1111211 440056 
astar_biglakes 42703575 21672 8508 187994927 16753 0 292 13082975 6453104 20398 0 1088 49687 4821952 6573546 19840291 5402329 115632319 3534715 535930 16668731 0 28492410 1238800 
gcc_expr 21805083 181508 81643 35731849 43301 0 19242 16750214 478075 52777 0 24432 93101 3372996 10169453 5537070 2373826 43855362 3757561 144596 11129966 0 1618573 1476193 
bzip2_combined 34929464 24537 5488 42252156 116588 0 0 17836855 4437451 289476 0 911 13247 2557776 4380061 7784720 1924716 42315846 1299575 996 1352869 0 17146232 2608656 
perlbench_checkspam 23223238 319923 194389 38232195 96170 0 26736 16284451 1152221 422636 0 43026 119052 1644909 1542610 3155890 756238 13002347 614744 2151 165997 0 3121186 590065 
gcc_g23 21926648 198956 876230 12955817 112238 0 12574 18867422 578315 41250 0 76303 41586 4213041 9659664 11081965 5015041 80153058 1616153 160435 38101280 0 1735248 1066059 
astar_rivers 44748110 33735 4283 115651634 14098 0 79 12821309 7116636 1356 0 889 13179 3338319 4289658 7535424 1252814 28432994 1864251 15401 1227365 0 29110865 692107 
povray 22693381 173111 32379 128372663 12805 0 3237 7586257 407970 32258 0 5879 5681304 15972579 2767608 5055838 218610 1600512 1414531 5430 145770 0 1431951 345686 
tonto 22866654 173712 37264 13369065 44713 0 456 5841475 329770 35088 0 21840 20539016 17407439 7105811 1740474 218084 9042830 1859236 16974 3323717 0 889437 1264546 
bzip2_liberty 25589280 14333 4072 112108130 23467 0 0 9572076 1526384 194994 0 399 13366 1329408 14181183 11214247 5112050 102290591 3972641 2271 511821 0 5716782 1803837 
perlbench_splitmail 20937979 242145 178592 16794850 38001 0 14321 21103513 333815 1195144 0 16303 141702 859536 1678156 1506013 325452 5953697 394750 1483 690187 0 828006 329771 
h264ref_sss 21450972 203116 12802 6350250 21655 0 18 8191250 357231 324934 0 10177 16130 1175575 1006758 2369015 173975 4896344 504277 816 998975 0 1130839 248257 
zeusmp 22830385 20580 4053 140726846 342 0 0 10728133 2591 65171 0 146 13150 29448597 70544122 7341403 1579833 38927720 5084879 11604 2912243 0 4053 4484583 
cactusADM 21228051 48598 5933 2208185 434 0 9 4565389 12975 1093069 0 218 21131 3572584 1474805 1480966 1018441 25718751 170954 32444 4238759 0 18969 51452 
omnetpp 28735175 174486 93345 386920653 144080 0 9701 12164513 1997275 35919 0 58069 242206 5888476 15986800 26121740 7491099 147729237 1163658 112287 8562806 0 9136913 1484637 
gcc_166 21964701 129708 526959 28111996 87335 0 6467 15895414 648838 71872 0 48248 113478 3683034 6577733 9724974 4146101 67801106 1990712 30053 1353371 0 1826669 540733 
gobmk_nngs 33938282 205434 39871 10921192 1206362 0 2555 15595648 7064594 594197 0 641702 17112 1009199 903092 1413324 411115 7787349 276205 5380 496357 0 16648431 2864295 
sphinx3 25067352 103054 21112 36046395 7039 0 0 6983427 636846 141911 0 3774 250331 19247841 12834987 4543822 2323417 72024802 489831 2591 604361 0 2605035 1057449 
gcc_typeck 22056115 193850 167343 54184458 65055 0 16600 15316120 618512 92847 0 38015 348622 3579729 9997989 5352885 2218480 36719899 4547259 77808 4037653 0 1956556 643141 
gcc_cpdecl 22092681 208211 137736 32399593 95339 0 10194 15962310 698967 74016 0 58179 18388 3358506 7231637 5283346 2089912 37720169 2681677 23481 1434994 0 2110912 522578 
bzip2_html 27478723 23532 4925 30946367 89285 0 0 13916070 2322217 358089 0 969 13686 1634411 2507536 5067076 1613829 33024203 951064 609 1106646 0 8587002 1053932 
dealII 23339354 69079 128634 4232723 40610 0 1254 10932062 553288 2348 0 4639 1011607 14973782 1159594 1963784 640532 38273240 3822883 24510 608988 0 1413759 946422 
xalancbmk 22594029 313225 1539956 188317544 56417 0 229093 12979950 612990 111783 0 23495 7096169 5529111 10301839 22512433 5886479 89190896 1083509 5323 5231617 0 1728270 1001832 
wrf 22924304 46956 80299 3214028 3057 0 164 5698908 30577 72868 0 1733 1550050 25596675 4381019 4125083 1239684 40275998 4343307 4794 1108541 0 103389 1597941 
bwaves 26019060 12391 5974 4900164 232 0 78 8394157 3799 3320 0 133 28426 90425763 2389249 41761761 7860871 147211872 8553691 1398 1116849 0 18676 2601590 
soplex_pds-50 39249866 182284 31509 73938708 77680 0 32 15185021 4939120 159696 0 12996 65174 16367885 20927935 23098465 8664120 181050058 3582676 50093 15665933 0 21955785 4249017 
gamess_cytosine 22515080 173262 14167 25433688 11362 0 4735 6338725 284186 129408 0 3659 13151 11304460 1182909 2137515 155264 1358281 2032924 13818 90273 0 863453 678742 
namd 26309109 26557 5793 797531 7994 0 266 14502733 960544 182125 0 447 38896 9190385 1403413 643603 170696 4008473 1576320 387 78434 0 5964325 3176364 
sjeng 26182141 94534 8662 27855543 149685 0 12463 16285276 2875091 213586 0 34243 16305 1110431 263358 1297215 394828 7298199 327084 2024 364979 0 7234167 652754 
milc 23364104 12664 210091 61229924 3010 0 8628 4113418 11406 589 0 2766 1263882 29724654 15290667 5600138 2462680 139422390 4799474 19848 13071567 0 34157 824201 
GemsFDTD 22335738 8629 3476 44278605 62 0 0 4702040 1829 42732 0 11 13151 11002417 27450985 10236301 5838585 187963930 1772273 3771 98778 0 4407 1325973 
soplex_ref 25144582 30016 58325 39181329 35644 0 67 13344641 1678558 148245 0 1166 173097 48195328 7083119 22431341 9927669 203565533 3321970 372 164649 0 5404264 3734065 
gobmk_score2 31819760 229853 43722 9528061 650432 0 2214 18519301 5425487 440240 0 387271 36800 1492181 1435964 1245785 360026 7150508 321610 18665 4108871 0 14165747 1845455 
calculix 24069217 49712 15925 1569011 14918 0 25 6677439 436019 23544 0 10422 13363 33657225 1793200 1042076 190694 16247995 617783 5440 307902 0 1585838 261646 
gamess_gradient 22231759 165061 10974 11642485 7134 0 236 4854384 147421 99392 0 2204 13151 8844899 394708 1019915 171283 1205775 1833965 3557 71411 0 385295 166169 
libquantum 20619297 10747 5519 1434127 708 0 665 24041788 88258 2 0 340 13150 4301152 60678963 518091 297781 87861731 194267 973 127602 0 580961 17860416 
mcf 43872649 11040 63115 -378369062 171307 0 917 21654039 6218609 919042 0 28616 466082 13054208 41562787 146452842 47297553 899211760 1876144 4714 911916 0 29710705 2470136 
gobmk_13x13 32518067 226270 42352 10730981 644293 0 3447 15171529 5846221 382513 0 385542 19730 973414 922392 1432689 434976 8110475 304678 4737 784251 0 14891386 1707043 
gamess_triazolium 22714342 151623 12922 9951675 7182 0 1286 4449669 144566 66740 0 2305 13151 8742998 599327 1255909 244010 2233671 1981615 6029 628226 0 421076 347300 
gcc_200 23461868 285210 294595 60937485 102133 0 12236 15834695 1100616 132735 0 58140 82290 4439302 6942595 5744724 1509731 30720517 881999 18102 1546997 0 3629104 889699 
bzip2_chicken 27546697 15875 4445 59663318 13129 0 0 12679275 1977930 122274 0 580 13489 2748173 10837938 6466840 2416299 51476940 2551071 1589 823357 0 7978876 2408975 
h264ref_foreman.main 21700554 198909 17473 6539538 30530 0 2 8002603 464686 453771 0 13137 15403 1231914 1483404 2707791 172487 3815833 529385 946 1383957 0 1250309 255911 
bzip2_program 32333051 20361 4978 55302185 74870 0 0 18095040 3442955 349752 0 871 13808 3537020 3654032 7850950 2223595 44359788 1434027 1107 1696975 0 13926563 3184235 
gcc_scilab 24463653 545379 815854 36353731 242655 0 15908 14297930 1666835 173584 0 150493 227400 4143519 5628179 5431946 1780063 33432570 895418 32628 2377563 0 4924762 1111257 
gobmk_trevord 30921769 185152 33413 9147997 681271 0 1175 14796933 5206364 446967 0 371416 20479 981092 776098 1195373 327391 6276606 278836 3883 455767 0 12977645 1758026 
