55
gromacs 27257970 66753 13632 18902078 346816 0 0 0 471620 80017 564 774 778023 58490427 20850433 1929062 492638 24867260 2233962 6206 563078 0 2459511 9554533 
hmmer_nph3 23147057 70269 16260 1053052 33319 0 54 0 32742 1581 1715 2409 58734 2155485 1649993 1819317 1250101 16737183 2852230 1987 1129626 0 102530 40908 
gobmk_trevorc 50690597 239562 69542 13903992 3370470 0 59684 0 3162786 461535 298861 446010 21127 1223999 2015894 1839614 536770 9837871 357866 5802 618702 0 10970421 4126080 
hmmer_retro 24313861 33463 13115 1184455 94385 0 0 0 113741 64 555 740 36920 2370074 1445671 959415 554667 7242902 2836791 577 546278 0 945472 130461 
leslie3d 25509787 24784 6152 10022223 2432 0 0 0 3846 82180 317 352 13531 29166293 6171903 7579217 3008926 75429747 5158257 6755 2781752 0 9099 1135868 
bzip2_source 47822731 24497 5240 99817680 1753696 0 0 0 2033344 332442 740 856 13576 5774624 7112051 11696380 1979176 41562993 3499024 1624 2267322 0 11896501 2105628 
gcc_expr2 38735918 373261 646589 28326847 346423 0 9165 0 349646 58755 49676 69640 710521 3601326 11394005 6155623 2436846 43407698 3774228 373572 30221913 0 1507640 780873 
lbm 23012679 18358 9172 8051149 668 0 331 0 16964 42 100 131 36930 36781050 111013232 216245 171001 6954004 2829229 7819 2478929 0 107790 17353 
gcc_s04 36629718 142024 114335 24284055 172446 0 12720 0 194914 49657 14666 19791 213498 5235610 11830559 8746358 3703056 59495908 3356658 385069 84697449 0 922985 378025 
h264ref_foreman.baseline 29582426 151298 15831 7181235 148242 0 566 0 183238 583472 3633 5155 14922 2103734 2667923 4046542 341411 9105907 835924 655 1973635 0 1063068 250097 
perlbench_diffmail 33279782 268145 113051 93672963 184755 0 19801 0 210589 107073 21904 23860 73451 2544107 1994967 4279999 364120 6452162 1631794 6026 356573 0 803496 301573 
astar_biglakes 56911362 21847 8541 189099715 1859178 0 336 0 3371457 20534 1125 1049 49693 5499124 7118205 20725620 5486538 116201714 3569216 536705 16674315 0 22806994 3130728 
gcc_expr 37508685 183985 82224 35851131 198598 0 19493 0 243792 55561 17008 22774 93068 3548868 10765499 5862590 2436139 44011141 3918391 145332 11084263 0 1254446 1393821 
bzip2_combined 49966670 24802 5498 43170150 1920747 0 0 0 2254576 302501 715 807 13288 4960237 4910265 10097930 2013690 42740951 1932445 1163 1338851 0 13331603 2290723 
perlbench_checkspam 39189106 324755 195890 38422022 539974 0 27126 0 589086 426311 51757 48281 118896 2047611 1644069 3406983 771190 13044843 701371 2371 170397 0 2235124 753003 
gcc_g23 38786826 202315 880312 13066409 309483 0 12672 0 294369 42853 46972 70491 41605 4268684 10874256 11878189 5138050 80649037 1693192 161152 37986733 0 1322439 763237 
astar_rivers 59603017 33923 4299 116130426 2821332 0 79 0 3734671 1565 904 837 13221 3954778 4526832 8032119 1296588 28729699 1908054 15431 1225384 0 22790988 3340355 
povray 29334366 174715 32621 128760318 124372 0 3304 0 207004 33295 4085 5582 5653204 16720925 2902986 5266120 191048 1568279 1461633 6564 163209 0 1112953 233170 
tonto 26216786 175652 37354 13406427 134898 0 463 0 169357 44644 12002 38545 20673970 20304368 7474364 1861453 235793 9137714 1890180 17992 3317695 0 668587 309349 
bzip2_liberty 33466908 14453 4080 113744501 500054 0 0 0 894093 208902 276 374 13408 2223144 14498255 12330320 5228785 102501226 3792262 2429 505565 0 4585887 666402 
perlbench_splitmail 41533435 245174 179397 16893647 158724 0 14518 0 169385 1196554 12018 15502 141619 1277195 1855454 1627996 331465 5967451 431137 1488 689808 0 602479 218959 
h264ref_sss 29362663 207495 12907 6380976 161290 0 21 0 180997 343169 7231 9907 16124 1482426 1113315 2415633 176107 4908642 544077 984 989086 0 837804 292505 
zeusmp 24233966 20716 4058 141341243 826 0 0 0 1309 72562 101 149 13191 38472992 73298346 7499662 1600162 39142162 5755237 18695 2903522 0 2864 348662 
cactusADM 25340183 48708 5939 2210753 2120 0 17 0 6525 1113302 114 172 21163 3825343 1668262 1493600 1017846 25752885 195185 31594 4189151 0 13492 25755 
omnetpp 39115364 175984 93620 388707830 585792 0 10172 0 1018727 37342 32948 52328 242039 5867075 16785918 26861589 7564665 148343374 1223002 112765 8569928 0 7641243 1211363 
gcc_166 37074356 132184 529620 28270735 316184 0 6617 0 330201 74649 33521 45160 113384 3850477 6798981 10165025 4199758 68030183 2066679 30134 1362549 0 1362853 486244 
gobmk_nngs 51542677 209821 40143 10954637 3970620 0 2590 0 3632430 714962 461381 599623 17302 1252300 943549 1520800 416529 7813827 287482 5620 499131 0 11894690 5261574 
sphinx3 29522475 104061 21158 36245780 228426 0 0 0 319958 146266 2536 3402 247977 21154302 13279230 5296466 2398382 72555002 483460 2650 603550 0 2033595 346691 
gcc_typeck 36158193 196513 168466 54338840 274485 0 16945 0 315693 97827 25436 35273 347271 4036703 10337192 5685850 2264029 36837230 4892740 77923 4020928 0 1494348 607041 
gcc_cpdecl 37075073 211493 138587 32555499 342121 0 10307 0 356346 77813 38482 52964 18443 3722338 7539669 5520334 2122529 37849624 2975197 23802 1441974 0 1595517 544709 
bzip2_html 40683756 23809 4934 31402045 978795 0 0 0 1177680 373517 765 856 13728 2396676 2760210 5816021 1632559 33265566 1185023 649 1092795 0 6659622 1231154 
dealII 31215589 69987 128960 4255049 218215 0 1542 0 279841 2743 3009 4300 1011877 16887090 1574215 1939658 644273 40515106 3329797 25633 608306 0 1077021 350875 
xalancbmk 33265018 317297 1543728 188924150 217746 0 240864 0 309572 116204 19683 25449 7089063 5843129 10708062 24104049 5924433 89523329 1127269 5362 5269737 0 1348623 423186 
wrf 26234891 47670 80456 3231540 11913 0 565 0 15438 103609 1075 1597 1542455 28529537 4466068 4032268 1279318 40786541 3932544 4070 1105815 0 82285 909710 
bwaves 28488704 12503 5982 4907284 932 0 94 0 2076 3962 58 129 28455 98017883 2598251 41406346 7861978 147378904 8720569 1507 1121066 0 16187 736579 
soplex_pds-50 49372801 183587 31606 75010909 1625188 0 58 0 2565447 178018 7921 15704 64491 20118253 22019681 25350852 9091797 184228268 3399013 52419 15607758 0 17918223 2612053 
gamess_cytosine 27472962 175222 14209 25540925 89063 0 4807 0 143854 134190 2164 3388 13192 13046893 1299188 2153472 159966 1361631 2035210 13823 93519 0 650236 331140 
namd 35362141 26831 5805 807863 407901 0 273 0 481506 197614 406 434 38916 17301702 1678377 921520 219547 4128874 1776070 495 78419 0 5104570 505123 
sjeng 43690732 95997 8755 27949205 1386600 0 12502 0 1464042 217583 22090 31073 16351 1149492 275727 1315888 394868 7305029 329540 1928 353250 0 5077874 1574035 
milc 24885000 12786 211000 61301264 5380 0 10349 0 5731 49044 1329 2751 1262553 31627857 16603196 5716634 2511538 139682655 4501867 15766 13022986 0 29103 11462 
GemsFDTD 23715206 8677 3479 44502851 338 0 0 0 942 42838 18 11 13192 12363280 29614367 10452368 5933399 188548679 1764095 3545 112172 0 3259 968 
soplex_ref 30140901 30351 58384 39625991 359200 0 130 0 846007 152579 789 1110 169466 54176120 7614317 25862701 10169770 205724158 3185193 396 164435 0 4148340 1193635 
gobmk_score2 51829769 234738 44018 9564192 2905791 0 2231 0 2774906 500559 252565 367487 36192 1926709 1507612 1399783 368414 7188811 339664 19287 4106511 0 10211010 3647696 
calculix 29821364 50475 15961 1581981 187782 0 25 0 220137 24722 7996 5839 13407 35164754 1827124 1119313 253454 15872830 647694 6776 304986 0 1218626 244146 
gamess_gradient 26372479 166532 11007 11691503 51596 0 264 0 74700 102277 1445 1969 13192 9632901 412040 1044980 165365 1207403 1832349 3754 71274 0 278263 135877 
libquantum 22621951 10863 5523 1487790 31730 0 666 0 44174 2 263 344 13192 15492935 72084187 717081 378724 101649951 3431578 1112 125801 0 493666 45000 
mcf 64265779 11107 63367 -374516977 1040310 0 1289 0 3134200 1289138 14760 24226 465567 13297366 42172299 148345351 47366552 900157075 2030457 4783 900077 0 24215342 3307047 
gobmk_13x13 49716288 231329 42665 10756834 3131475 0 3471 0 2983809 412520 238924 365400 19760 1106466 969261 1536846 440482 8136217 316238 4980 785380 0 10571196 3767435 
gamess_triazolium 26115791 153321 12964 9990025 51506 0 1314 0 73348 68245 1487 2061 13192 9973709 649472 1231732 229968 2232221 2041899 5482 626327 0 312943 188606 
gcc_200 38051106 289391 296455 61345700 473926 0 12387 0 561143 140095 40813 53303 82287 4920087 7257131 6273196 1570825 30948361 1156372 18813 1563697 0 2793133 776548 
bzip2_chicken 35869487 16035 4455 60550308 734835 0 0 0 1054685 136758 455 552 13531 5295382 11554961 9255354 2581169 51708258 2886863 2327 843734 0 6292289 945626 
h264ref_foreman.main 29399857 203394 17587 6560986 222233 0 2 0 235793 478186 9289 13252 15413 1542444 1594797 2779398 174497 3854424 567152 1055 1370767 0 892902 335106 
bzip2_program 44647446 20600 4992 56457138 1447370 0 0 0 1737255 357974 692 793 13850 7195090 4600405 11357592 2364389 44831156 2091794 2968 1699454 0 10897061 1778136 
gcc_scilab 37813774 554143 819803 36577249 836925 0 16001 0 850555 180597 99241 136270 226684 4652193 5884445 5889614 1860071 33694007 1264691 33307 2380714 0 3713241 1227794 
gobmk_trevord 47339105 189041 33655 9190946 2828695 0 1194 0 2664582 510560 259774 346209 20518 1179114 812270 1290703 332084 6299554 288109 4085 457632 0 9244637 3551178 
