55
gromacs 26923479 67608 13682 18881374 353404 0 0 3598802 0 98971 0 0 777712 56317628 20701757 1880309 486388 24667463 2138142 6182 561885 0 2081894 9808669 
hmmer_nph3 22298722 72100 16370 1052749 34097 0 57 958033 0 1877 0 0 58448 2134649 1648252 1818410 1250069 16731777 2812916 1952 1121935 0 75919 68217 
gobmk_trevorc 37173234 249346 70342 13894878 3550713 0 59840 17111914 0 554865 0 0 20932 1129487 1997121 1792647 534944 9793146 335420 5751 617621 0 8389871 6975107 
hmmer_retro 23252505 34152 13180 1184104 96188 0 0 1254833 0 70 0 0 36792 2322737 1443993 959045 554587 7241781 2808973 530 542909 0 838890 238329 
leslie3d 24926817 25596 6206 10013991 2523 0 0 1870523 0 157551 0 0 13436 28751969 5988070 7300502 3004931 75253266 4879027 6702 2771869 0 7403 1133031 
bzip2_source 37592975 25106 5264 99767730 1772052 0 0 13379307 0 354967 0 0 13495 5322766 7031705 11311082 1971274 41386844 3437187 1580 2249426 0 10075613 4001743 
gcc_expr2 24494452 386818 654275 28301932 363943 0 10075 15637439 0 68725 0 0 707893 3496910 10899427 6092097 2432977 43310825 3706459 373365 30030102 0 1235542 1126904 
lbm 24412173 18540 9288 8027876 707 0 420 49959 0 55 0 0 36633 35676991 110776194 215996 170844 6940289 2794172 7809 2460054 0 91034 34133 
gcc_s04 23884905 145897 115782 24268042 179475 0 13274 14341708 0 57915 0 0 212065 5051604 11311520 8678601 3699943 59398617 3301584 384910 84206792 0 758064 588796 
h264ref_foreman.baseline 22728943 156644 15998 7179014 151061 0 576 7267146 0 927289 0 0 14824 2036086 2638276 3617259 341083 9080233 822481 642 1968500 0 895581 417270 
perlbench_diffmail 22342425 275991 115523 93636793 192679 0 20641 11607041 0 114348 0 0 73049 2372421 1966411 4204824 362310 6411500 1559211 5723 353859 0 676546 418891 
astar_biglakes 49129252 22286 8691 188779729 1967475 0 402 12814597 0 21258 0 0 49404 5134492 7044883 20245871 5458279 115543030 3518336 536701 16644201 0 19776881 6398220 
gcc_expr 24109504 188657 83366 35828064 206377 0 20072 14735258 0 65554 0 0 92423 3412920 10114312 5803090 2432613 43908080 3841242 145095 11011339 0 1049615 1649221 
bzip2_combined 39055693 25358 5517 43186086 1942712 0 0 14148316 0 321540 0 0 13208 4475305 4833569 9801418 1999000 42561279 1831315 1113 1327943 0 11315176 4433057 
perlbench_checkspam 23965606 334872 198935 38395704 573183 0 27968 16214378 0 439265 0 0 118142 1860647 1614415 3349964 769867 13004737 674363 2266 167794 0 1755644 1242408 
gcc_g23 23709908 208658 887938 13049760 325022 0 12906 16454333 0 51627 0 0 41313 4066058 10579629 11765542 5132470 80084906 1668288 160805 37771055 0 1085540 1433511 
astar_rivers 50252137 34368 4315 115981039 3048855 0 81 13681603 0 2399 0 0 13134 3693565 4494427 7721282 1286896 28496203 1842667 15429 1222929 0 19505907 6867258 
povray 23830565 178088 33097 128720934 128941 0 3425 6755393 0 40285 0 0 5644105 15993496 2845142 5179754 155101 1523839 1421998 6342 154242 0 955962 389035 
tonto 25032065 179270 37562 13403023 157871 0 476 2223641 0 61828 0 0 20635935 19749320 7393344 1812746 233946 9078126 1816982 17528 3310886 0 543541 439498 
bzip2_liberty 28285574 14705 4096 113601077 504302 0 0 7091695 0 223463 0 0 13327 1940434 14446519 12231322 5217480 102208416 3206998 2422 501127 0 3919101 1769263 
perlbench_splitmail 21361025 251314 181460 16884346 163937 0 14946 20628949 0 1198878 0 0 140699 1171601 1760869 1597024 330884 5951511 413999 1486 688469 0 469722 352282 
h264ref_sss 21911956 214879 13135 6377000 165307 0 28 7787157 0 562517 0 0 16015 1441415 1098652 2138717 175763 4893435 529299 967 985811 0 685200 446101 
zeusmp 25351473 21089 4067 141299498 879 0 0 495858 0 87872 0 0 13111 37536563 73029415 7421756 1599423 39014522 5599526 17627 2890511 0 2243 344984 
cactusADM 21574728 49026 5968 2210566 2179 0 33 3917225 0 1136427 0 0 21027 3737447 1652240 1467135 1000419 25745355 184954 31578 4186704 0 12669 26424 
omnetpp 31700042 179005 94471 388455043 616575 0 11289 9893595 0 48962 0 0 240805 5428439 16676181 26540645 7559045 148046167 1185091 112740 8557602 0 6840310 2067057 
gcc_166 23659057 137152 533954 28245281 330304 0 6892 14541390 0 84582 0 0 112582 3674613 6444093 10099884 4196200 67934428 2021889 29931 1350285 0 1097680 779291 
gobmk_nngs 38842037 218165 40864 10948415 4234836 0 2656 16896823 0 851399 0 0 16965 1145074 927451 1479190 415059 7776217 271090 5544 498003 0 9157215 8314677 
sphinx3 27712221 105947 21237 36229988 229837 0 1 3003289 0 435929 0 0 247744 20468573 13123284 5243055 2395773 72348349 465342 2641 597313 0 1721607 643232 
gcc_typeck 24655924 201681 170772 54311169 286270 0 17637 13066937 0 110995 0 0 345276 3896443 9508589 5625591 2260572 36762307 4823103 77463 3982926 0 1230971 894293 
gcc_cpdecl 24107449 217622 140070 32528577 357149 0 10523 14354259 0 90079 0 0 18230 3557770 6969531 5456602 2119545 37778895 2893555 23289 1424672 0 1302290 862704 
bzip2_html 29580259 24391 4954 31406353 988686 0 0 12753394 0 403114 0 0 13647 2177283 2721010 5667024 1627669 33144617 1158266 614 1082894 0 5627064 2318914 
dealII 26352665 72162 130492 4251231 221831 0 2115 5926384 0 3376 0 0 1008016 16477895 1560837 1877303 639036 40283558 3268407 25514 605530 0 880159 556567 
xalancbmk 23986655 325170 1552340 188870333 238765 0 271460 10766555 0 126336 0 0 7052493 5394275 10585294 23794980 5922502 89343022 1087807 5293 5240961 0 1122192 659514 
wrf 24951197 49359 81418 3230095 12390 0 1486 2209776 0 122657 0 0 1539148 28202798 4295856 3861950 1275413 40687661 3783942 4040 1101581 0 71890 916703 
bwaves 31567937 12851 6020 4906379 1015 0 118 75476 0 4242 0 0 28299 95942035 2554426 40618997 7861970 147219793 8654590 1504 1118270 0 14886 720629 
soplex_pds-50 46060668 186316 31968 74848943 1655610 0 113 8396675 0 210511 0 0 64174 19391573 21697949 24977836 9051635 183355279 3133807 52126 15536239 0 15755994 5046621 
gamess_cytosine 23476260 178717 14373 25527659 91657 0 4942 4611102 0 160042 0 0 13112 12776647 1260389 2075213 153879 1351770 1965004 12576 91933 0 539163 434609 
namd 28592095 27464 5834 806791 409542 0 290 8376393 0 238524 0 0 38746 16487877 1660268 909049 217630 4109283 1489643 481 77701 0 4638944 957826 
sjeng 27936316 99164 8929 27934274 1436780 0 12574 17241382 0 237655 0 0 16239 1118729 272274 1301556 391854 7292054 318603 1896 340449 0 3838910 2872917 
milc 25410730 14703 215330 61298012 6300 0 12931 442516 0 72338 0 0 1254537 31344914 16472321 5668672 2511202 139421368 4308733 15731 12958632 0 26486 14786 
GemsFDTD 23848411 8852 3484 44492249 350 0 0 656379 0 86287 0 0 13112 12066114 29478179 10439067 5931544 188214971 1732577 3218 104735 0 3059 1091 
soplex_ref 30495740 31057 58854 39597413 361815 0 276 3919289 0 290444 0 0 168743 52152391 7378340 25366387 10161241 205242447 2885061 395 163870 0 3431873 1918330 
gobmk_score2 35587738 243844 44711 9557863 3069211 0 2265 19465479 0 592230 0 0 35904 1787886 1461071 1344684 366617 7150077 322591 19038 4089453 0 7952962 6134312 
calculix 28810525 51738 16006 1580772 191710 0 26 2843037 0 29607 0 0 13323 33948811 1722534 1065430 251528 15655329 620544 6142 302399 0 1022693 457230 
gamess_gradient 22815414 169318 11135 11685182 52828 0 317 3939753 0 166969 0 0 13112 9436694 400165 1005469 161673 1201520 1725239 3721 70769 0 218502 193381 
libquantum 25957638 11058 5545 1486493 31783 0 669 518451 0 4 0 0 13112 15368186 70833556 694618 378046 99242051 3431438 1112 123854 0 449956 88956 
mcf 52656441 11782 64607 -374961410 1067546 0 1971 18875261 0 1462247 0 0 463163 12740380 41984008 147380138 47351369 898079165 1966693 4636 891108 0 21325640 6224360 
gobmk_13x13 36481583 240959 43365 10751503 3291839 0 3520 16546153 0 493472 0 0 19604 1022794 953905 1500981 439054 8096269 296281 4928 784131 0 8104904 6461724 
gamess_triazolium 23332519 156323 13090 9985719 53002 0 1368 3070205 0 96135 0 0 13112 9826217 633778 1211768 227022 2223119 2006096 4490 622496 0 255074 244072 
gcc_200 24885646 297354 299717 61298457 493698 0 12703 14488532 0 162465 0 0 81617 4699548 7113013 6140804 1567045 30817364 1071704 18347 1551088 0 2317663 1307994 
bzip2_chicken 30917246 16336 4471 60493146 739422 0 0 7200238 0 155047 0 0 13450 4604543 11484675 9126785 2556444 51540873 2582234 2313 841054 0 5375961 2092819 
h264ref_foreman.main 22229853 210987 17835 6558591 229184 0 4 7547846 0 739356 0 0 15297 1499038 1578487 2466291 174216 3845029 554495 1045 1367401 0 696174 537400 
bzip2_program 36432908 21078 5012 56499216 1463134 0 0 11221101 0 371647 0 0 13769 6379041 4507619 11135337 2342072 44665213 2031961 2869 1689920 0 9301465 3422788 
gcc_scilab 26329185 570621 827465 36545140 878088 0 16176 13183401 0 207108 0 0 226002 4440655 5729415 5780795 1852745 33568275 1154997 32668 2366661 0 3018891 1983023 
gobmk_trevord 34477495 196468 34320 9185139 2985894 0 1233 15882666 0 598066 0 0 20377 1085459 797279 1251260 331077 6270619 267574 4030 456323 0 7114549 5883808 
