55
gromacs 22163007 65879 13591 18539923 38573 0 0 35886837 359287 63783 0 11601 758254 31280329 19680270 1528439 428251 24524128 759029 6026 550628 0 4510202 8197342 
hmmer_nph3 20089653 68008 16095 1044423 6425 0 52 3658532 34342 1542 0 2397 58032 900965 1569212 1786403 1245128 16622673 2175885 2016 1118000 0 235159 1521634 
gobmk_trevorc 29788401 227853 68794 13816147 597285 0 59471 14804307 2388858 364167 0 384541 20682 815421 1859214 1596182 522332 9749442 276222 4857 608570 0 24546962 1757503 
hmmer_retro 20882324 32682 13046 1176643 3628 0 0 3884705 62468 62 0 619 36595 905863 1351642 939965 553418 7187463 2233238 535 542270 0 1510786 1505676 
leslie3d 20008945 23857 6104 9924963 853 0 0 12676959 5107 41902 0 430 13300 22687443 4553295 7004555 2870217 74299798 5820373 5758 2785976 0 21398 3362214 
bzip2_source 30758982 23809 5214 97200505 122032 0 0 20508831 820631 303805 0 7738 13372 3049054 6359564 9332694 1904248 41110882 2601522 1315 2318634 0 22250390 1006925 
gcc_expr2 21334968 357371 637624 28008858 106948 0 8557 22787355 300208 53233 0 65549 700934 2734482 7805556 5444008 2359603 43325537 3108306 362819 29753913 0 2960859 1113501 
lbm 20100045 18302 9125 7744960 188 0 217 21569623 825 29 0 129 36071 20493223 107724215 185851 102742 6873417 2593328 7749 2463961 0 208034 1591162 
gcc_s04 20810929 137691 113091 23970401 32693 0 12300 22886108 146048 43515 0 20709 209272 4892161 6497042 7558842 3589664 59529450 2888063 380034 84393072 0 1790277 698163 
h264ref_foreman.baseline 20990914 143943 15675 7127977 10870 0 552 9672171 107437 549649 0 4862 14668 1138144 2339099 3132350 333857 8972644 658652 447 1991206 0 1977909 1075910 
perlbench_diffmail 20721940 260270 110549 92640338 55958 0 18996 13922918 164796 106498 0 38241 72651 1665290 1669584 3995744 348573 6435444 1404539 5026 333544 0 1729707 1009612 
astar_biglakes 38664915 21474 8477 186508505 16262 0 243 16340441 816119 20304 0 5071 48876 3474918 6069784 18386873 5315883 114711532 3346893 532720 16744987 0 40299842 1759899 
gcc_expr 21113293 178442 81001 35469369 37524 0 19018 22443284 165831 50572 0 22056 91281 2601105 6749763 5188233 2324257 43866551 3147784 140193 10935497 0 2361441 1710339 
bzip2_combined 32098601 24211 5476 41846421 110351 0 0 19655120 867699 276447 0 7600 13087 2345674 4251107 7530627 1894358 42242741 1092552 936 1351175 0 24857620 805832 
perlbench_checkspam 21973291 314034 192654 37982114 87403 0 26330 16958662 481615 420371 0 45210 117545 1267094 1464370 2970410 743403 13021966 553976 1599 157073 0 4845324 1085747 
gcc_g23 21180105 194942 871377 12845412 93418 0 12453 23208613 241387 39198 0 64228 40824 3950277 7878359 9914928 4943384 80296628 1362654 155270 37587880 0 2576384 1031578 
astar_rivers 39881596 33506 4277 114963486 13650 0 78 14236306 444673 1053 0 3235 13000 2135680 3963683 6655109 1222401 28048138 1689580 15321 1214099 0 42374581 1251074 
povray 20994056 170819 32109 127825483 11538 0 3151 11269421 111600 31772 0 5461 5588597 13993527 2414251 4858853 193984 1642055 1014008 4031 111182 0 2087170 1596706 
tonto 20630827 171167 37172 13322557 26083 0 446 9764374 152472 34758 0 19420 20139238 15413206 6875688 1603799 188765 9026791 1770770 14548 3308119 0 1352530 2274886 
bzip2_liberty 24114470 14195 4065 111737369 22618 0 0 11385314 513184 187606 0 4347 13206 1042663 14152769 11019190 5097988 102101247 3935058 2264 511627 0 8379707 942463 
perlbench_splitmail 20538960 238534 177646 16681335 34716 0 14169 21802161 171132 1194896 0 16290 139559 662166 1556488 1375860 321385 5947014 344783 1128 680487 0 1292301 372422 
h264ref_sss 20777991 197297 12689 6318935 18740 0 15 9172692 135986 324412 0 9265 15845 840665 930629 1899325 172335 4873737 419208 787 997605 0 1686750 638474 
zeusmp 20002876 20419 4048 139613054 314 0 0 17980929 1898 65170 0 152 12992 27715585 70085297 7627972 1525207 38960093 5108954 11014 2902341 0 6844 3085291 
cactusADM 20019242 48474 5927 2200767 416 0 8 5807573 8246 1093063 0 390 20797 2867373 1171861 1386144 1004396 25633594 171034 32702 4232776 0 33089 1224262 
omnetpp 26603034 172786 92973 384953058 123554 0 9451 16295963 631583 35845 0 59755 239695 5597239 15368007 25651202 7423944 147158642 1107992 111619 8474047 0 12253881 1888825 
gcc_166 21218272 126747 524153 27848345 73941 0 6343 19748185 278816 69001 0 42552 111071 3312283 4745547 8863076 4090713 67827303 1574160 26514 1308251 0 2770931 713315 
gobmk_nngs 30620559 199774 39566 10893771 949813 0 2507 14471026 2955664 539805 0 526303 16379 787512 829105 1324152 406882 7739693 219313 5041 487403 0 26611496 2415946 
sphinx3 21881757 101788 21073 35904953 6054 0 0 11286968 118270 140378 0 4174 247271 16317616 12742722 4209113 2257357 72082327 441659 2525 590872 0 3734476 2904038 
gcc_typeck 21311080 190614 166054 53876283 55769 0 16432 21869355 239916 90173 0 33787 340767 2514007 5980727 4951968 2175237 36883307 3742443 74586 3946508 0 2893716 876221 
gcc_cpdecl 21412569 204163 136817 32126599 80978 0 10048 20688855 280405 70358 0 51003 17901 2512199 4631693 4954682 2041272 37872693 1917718 19274 1358325 0 3153799 671489 
bzip2_html 25935618 23172 4919 30609135 84197 0 0 14849968 577051 347156 0 5988 13524 1515508 2425123 4811793 1594142 32866790 835601 570 1107438 0 12470766 621725 
dealII 21017630 67884 128337 4208207 39495 0 1168 14924059 289007 2308 0 9606 996256 12732789 834251 1786670 615332 37957318 3463640 22994 609739 0 2144484 2291936 
xalancbmk 21226337 308353 1535676 186939597 51999 0 228507 16598411 327921 105313 0 22708 7025576 5305766 9703176 21741086 5873128 89076464 994863 5221 5317350 0 2544136 1414389 
wrf 20077571 46079 80129 3199017 2840 0 144 9886563 13410 72820 0 1839 1523343 22845092 4043253 4249661 1187993 39977531 4299274 2085 1103607 0 147815 3639323 
bwaves 20015513 12207 5966 4878479 210 0 63 19167618 1329 3320 0 128 28027 72925980 2157688 50559490 7857666 147700681 8547622 1477 1108122 0 24341 6313543 
soplex_pds-50 35934148 180772 31438 73348373 75728 0 26 20845789 1016171 145999 0 17264 63744 15340074 19972616 21024342 8471926 181507445 3742044 49324 15519842 0 30593656 1573351 
gamess_cytosine 20597919 170642 14117 25325726 10695 0 4643 8960370 115559 128380 0 4801 12992 9701550 1053534 1915996 117164 1345275 1893712 12591 74257 0 1291001 1988155 
namd 24822272 26226 5776 794600 7746 0 260 18693645 151700 174877 0 2882 38447 8067507 1242550 625111 165068 4013429 1371262 376 79418 0 7692273 1068988 
sjeng 24566122 92621 8554 27760117 138254 0 12388 15623995 1148309 199555 0 51068 16056 941740 251354 1271665 391615 7286605 296044 2062 377301 0 11513883 723277 
milc 20029107 12522 209186 60971508 2967 0 6907 10518529 5126 588 0 2756 1238314 26269047 13865835 5492016 2399898 139071662 5093847 16144 12950355 0 49697 3264264 
GemsFDTD 20003073 8567 3473 43966562 61 0 0 9682775 849 42731 0 21 12991 9637279 26758050 10047503 5679802 187200053 1661134 2586 93579 0 6955 2275665 
soplex_ref 23874032 29622 58271 38910038 35213 0 52 23890213 627802 140855 0 6853 167826 41842650 6633612 19962767 9763745 204676991 3447921 372 163929 0 8020040 1371191 
gobmk_score2 29122980 223570 43419 9496109 513106 0 2185 17830511 2031580 389211 0 313775 35408 1376732 1189311 1142106 354001 7105147 283517 18446 4002887 0 22205003 1548963 
calculix 21123903 48750 15884 1561034 6476 0 25 12576935 90415 22811 0 3562 13194 29470233 1615090 903563 173928 14966352 603366 4451 303408 0 2325943 2760091 
gamess_gradient 20252711 163203 10932 11591826 6623 0 203 6947617 69910 98845 0 2581 12992 7323067 333188 896870 123456 1197594 1598970 2772 68945 0 596907 1971983 
libquantum 20475971 10621 5517 1416684 693 0 662 41752327 986 2 0 345 12992 4291737 60736135 507456 238391 88004364 194685 973 127593 0 755972 102451 
mcf 41852925 10967 62863 -389143149 160460 0 677 32536983 915122 883952 0 51650 458313 14716008 41075666 142396469 47227513 900013514 1488386 3537 899553 0 40889091 1088637 
gobmk_13x13 29443741 219793 42016 10703582 523659 0 3409 14169232 2132488 337799 0 318832 19406 760268 829004 1344791 430568 8057293 241394 4400 774520 0 23617468 1563337 
gamess_triazolium 20285428 149372 12875 9907136 6683 0 1250 6773257 58671 66328 0 2770 12992 7083865 540405 1092107 195909 2235633 1822771 5932 617563 0 637625 2467066 
gcc_200 22446837 280094 292533 60542202 86196 0 12079 18075364 399425 128347 0 51580 80367 3662166 6419342 5480406 1466432 30799770 621783 16180 1507308 0 5323196 933183 
bzip2_chicken 25780900 15707 4434 59393782 12912 0 0 15046744 430534 120105 0 1852 13327 2461494 10800921 6203826 2404774 51356730 2523155 1493 822710 0 11527997 823691 
h264ref_foreman.main 20810330 192927 17345 6518551 26102 0 1 9115551 190100 452265 0 11933 15138 854023 1411258 2106802 170380 3803863 442605 889 1382578 0 1944775 801143 
bzip2_program 29967924 20086 4961 54753861 70171 0 0 20612476 582750 339563 0 6027 13645 3316585 3584289 7683668 2186033 44604068 1307114 1046 1697239 0 20022025 732650 
gcc_scilab 23283629 534863 811622 36137440 203494 0 15770 16313907 671951 166893 0 130175 223279 3248816 5115730 5092465 1728057 33624537 586742 29460 2327998 0 7387613 1076903 
gobmk_trevord 28273237 180091 33152 9122899 543600 0 1149 13988880 2000689 401939 0 303083 20173 754373 701911 1110498 323701 6242972 222544 3418 449156 0 20612113 1554091 
